106
1 30,315087 59,936026 0,000000
2 30,316545 59,940330 0,000000
3 30,328005 59,940731 0,000000
4 30,323450 59,938950 0,000000
5 30,315051 59,936052 0,000000
8 30,328452 59,934448 0,000000
7 30,327051 59,935489 0,000000
6 30,324861 59,935696 0,000000
9 30,316123 59,935944 0,000000
10 30,330235 59,941960 0,000000
24 30,316848 59,942583 0,000000
11 30,317127 59,935842 0,000000
13 30,316350 59,940285 0,000000
12 30,321117 59,941050 0,000000
14 30,327051 59,935489 0,000000
15 30,315566 59,935733 0,000000
16 30,315326 59,936024 0,000000
20 30,324701 59,940897 0,000000
19 30,330529 59,934968 0,000000
18 30,315156 59,936019 0,000000
17 30,317041 59,935535 0,000000
22 30,327289 59,935091 0,000000
23 30,319003 59,936116 0,000000
93 30,323703 59,937127 0,000000
26 30,327171 59,935193 0,000000
25 30,326129 59,935111 0,000000
27 30,330058 59,943191 0,000000
21 30,317339 59,935820 0,000000
30 30,323093 59,938399 0,000000
28 30,316581 59,935496 0,000000
29 30,330388 59,934797 0,000000
31 30,330332 59,934714 0,000000
33 30,319001 59,939881 0,000000
32 30,315049 59,936030 0,000000
34 30,327216 59,935100 0,000000
35 30,328311 59,942141 0,000000
39 30,315683 59,935654 0,000000
40 30,327131 59,935416 0,000000
36 30,330101 59,934658 0,000000
37 30,315912 59,935614 0,000000
42 30,315049 59,936030 0,000000
43 30,315879 59,935636 0,000000
41 30,327060 59,935425 0,000000
38 30,322459 59,934916 0,000000
61 30,316350 59,940285 0,000000
52 30,319688 59,939319 0,000000
47 30,319001 59,939881 0,000000
68 30,316942 59,935861 0,000000
60 30,319040 59,940221 0,000000
55 30,327109 59,935323 0,000000
56 30,315677 59,935655 0,000000
53 30,328130 59,942179 0,000000
49 30,328023 59,940634 0,000000
51 30,327181 59,935314 0,000000
50 30,315908 59,935615 0,000000
48 30,327029 59,935490 0,000000
54 30,315765 59,935683 0,000000
57 30,316922 59,935840 0,000000
58 30,317318 59,935800 0,000000
45 30,316107 59,935923 0,000000
59 30,318144 59,941355 0,000000
62 30,315513 59,935983 0,000000
70 30,326273 59,938784 0,000000
64 30,317107 59,935821 0,000000
66 30,330464 59,934909 0,000000
69 30,321576 59,941227 0,000000
73 30,316097 59,935570 0,000000
98 30,315908 59,935615 0,000000
46 30,323149 59,938517 0,000000
44 30,319001 59,939881 0,000000
65 30,315476 59,936009 0,000000
67 30,315120 59,936045 0,000000
81 30,327983 59,940850 0,000000
79 30,321972 59,942953 0,000000
75 30,326264 59,938825 0,000000
77 30,327493 59,940939 0,000000
78 30,321972 59,942953 0,000000
74 30,327244 59,935184 0,000000
80 30,315879 59,935636 0,000000
71 30,315838 59,935665 0,000000
72 30,330451 59,934890 0,000000
76 30,330058 59,943191 0,000000
84 30,315120 59,936045 0,000000
86 30,328303 59,934464 0,000000
83 30,327216 59,935100 0,000000
91 30,315363 59,935998 0,000000
90 30,317661 59,937750 0,000000
85 30,319003 59,936116 0,000000
88 30,327244 59,935184 0,000000
89 30,327334 59,934853 0,000000
92 30,324109 59,936571 0,000000
97 30,315205 59,935777 0,000000
87 30,321020 59,936832 0,000000
82 30,321452 59,936696 0,000000
94 30,327029 59,935490 0,000000
106 30,327408 59,934844 0,000000
96 30,327181 59,935314 0,000000
95 30,330566 59,941909 0,000000
105 30,327289 59,935091 0,000000
104 30,327109 59,935323 0,000000
100 30,328836 59,941917 0,000000
102 30,327131 59,935416 0,000000
103 30,327091 59,935499 0,000000
101 30,315281 59,935804 0,000000
63 30,316799 59,935515 0,000000
99 30,330416 59,934618 0,000000
