310
54363 59.938500 30.330570 97 83
69424 59.940478 30.313876 264 278
270634 59.942152 30.316182 82 104
419767 59.935747 30.316435 73 55
419768 59.936212 30.316743 58 66
448431 59.935708 30.314376 74 69
448432 59.935512 30.313688 81 78
448433 59.934650 30.313430 76 72
448434 59.934854 30.313982 73 67
448437 59.935223 30.315047 71 65
448438 59.935424 30.315566 75 70
545140 59.935119 30.317562 118 98
1027334 59.936651 30.313354 46 49
1027337 59.936264 30.313204 69 62
1027898 59.937418 30.328001 69 54
1027900 59.937576 30.329002 51 69
1028087 59.935638 30.320558 79 84
1051888 59.935899 30.330372 179 75
1057489 59.936436 30.327670 32 50
1057491 59.936001 30.327673 45 74
1057492 59.936222 30.327814 38 73
1057493 59.936753 30.328044 68 83
1067948 59.941258 30.315716 146 120
1084724 59.942635 30.317940 80 83
1084725 59.942108 30.318687 107 113
1147588 59.933213 30.330802 309 375
1202918 59.941579 30.317001 157 159
1240293 59.936724 30.321209 68 119
1268113 59.935463 30.322570 51 42
1268114 59.935503 30.322003 53 41
1268115 59.935565 30.321474 55 40
1385597 59.934598 30.316614 113 95
1410730 59.942504 30.327446 53 55
1410731 59.939650 30.325883 166 150
1421498 59.943404 30.325143 111 114
1422277 59.943301 30.324131 49 45
1422278 59.943051 30.323800 79 73
1435420 59.943231 30.319857 83 61
1435505 59.942982 30.319356 74 60
1435535 59.942658 30.319097 127 96
1435719 59.941379 30.322568 82 79
1436592 59.941035 30.323778 84 72
1436618 59.941022 30.321508 87 84
1436623 59.940474 30.322853 91 145
1437572 59.939565 30.320587 33 102
1437780 59.939352 30.322889 64 83
1437853 59.939080 30.320163 32 55
1437983 59.938846 30.320310 32 65
1437984 59.938983 30.322839 26 61
1438047 59.938930 30.321835 26 33
1440164 59.937631 30.320707 37 67
1448946 59.937514 30.322069 44 68
1448947 59.938008 30.322248 84 92
1448963 59.937129 30.321867 65 80
1452272 59.937181 30.318880 39 54
1453434 59.937177 30.314495 65 47
1453435 59.937707 30.314399 96 141
1453436 59.937757 30.316096 81 129
1453595 59.937537 30.324574 60 93
1502547 59.938742 30.332325 76 120
1502548 59.937929 30.328741 63 110
1502552 59.937222 30.328911 49 61
1930011 59.935391 30.323286 52 55
2000648 59.939043 30.315816 14 14
2614477 59.938671 30.328949 99 115
2614478 59.938750 30.329414 5 4
3195434 59.935629 30.329042 61 47
3757406 59.936326 30.313742 51 48
7033584 59.942929 30.328594 68 76
7033585 59.942175 30.329243 65 91
7033586 59.943813 30.327736 166 163
7033683 59.941619 30.326271 133 257
7034612 59.938682 30.324188 71 57
7034613 59.941554 30.323244 73 68
7034614 59.935636 30.327558 66 78
7034615 59.937458 30.326302 51 65
7034616 59.936242 30.325777 38 63
7034617 59.940446 30.327546 58 63
7087428 59.935818 30.318166 106 101
7087429 59.936793 30.316961 43 46
7087430 59.936313 30.315699 70 71
7732397 59.935076 30.314720 63 54
8092295 59.942417 30.317227 24 27
8092312 59.940940 30.316643 10 10
8092328 59.941602 30.314747 8 8
8201892 59.941866 30.315286 8 8
9193889 59.935710 30.327749 8 5
11763697 59.934383 30.324552 130 133
15746145 59.940889 30.329208 20 19
15746147 59.940914 30.329596 20 19
15746148 59.941126 30.329483 31 39
15746223 59.940291 30.328842 7 9
15764366 59.939025 30.320935 9 23
15764367 59.938895 30.321214 25 18
15764368 59.939122 30.321355 26 17
15764369 59.939195 30.320911 10 24
15764370 59.939335 30.320860 27 78
15764371 59.939318 30.319831 27 14
15764549 59.938945 30.321486 17 9
16774540 59.934325 30.329009 92 74
17339772 59.943186 30.326238 71 59
17339773 59.942853 30.327071 32 54
17343293 59.943292 30.322046 59 50
17343294 59.943910 30.322349 106 103
28691640 59.939245 30.329178 37 59
28966446 59.940063 30.328815 41 58
28966473 59.939788 30.327614 78 33
28966476 59.939057 30.327310 78 33
28966479 59.938105 30.326699 102 75
30353981 59.941078 30.330312 16 12
30353986 59.941732 30.324525 19 11
30353987 59.941692 30.325196 38 22
41289421 59.940193 30.317793 81 122
51133425 59.936505 30.325577 33 34
51133426 59.936437 30.326160 33 36
51133428 59.935919 30.325356 58 40
51411008 59.935941 30.315878 52 30
52153127 59.935897 30.314911 65 66
52153139 59.934860 30.314568 35 33
52153146 59.934321 30.315516 120 76
52153147 59.934267 30.315104 65 58
52153148 59.934376 30.315770 15 16
60146985 59.936709 30.324731 50 26
60146987 59.936905 30.323115 50 25
60146989 59.936088 30.324284 82 59
60146990 59.936662 30.326334 30 28
60147557 59.934440 30.326667 81 45
60203063 59.935461 30.332362 89 84
60203065 59.935350 30.331355 93 54
60203081 59.934997 30.331770 27 32
61411464 59.942588 30.324452 26 52
62295243 59.936120 30.331718 95 55
66233044 59.936529 30.314251 55 63
66309888 59.935093 30.323275 33 41
66925417 59.934343 30.327691 25 42
66925418 59.934360 30.328434 68 28
66925427 59.936189 30.329333 80 57
66925433 59.936390 30.328742 37 28
66925437 59.936094 30.329817 187 69
66925447 59.936521 30.329526 22 47
66925454 59.935698 30.328377 110 35
66925461 59.934752 30.329151 29 40
67548535 59.940762 30.318253 28 29
67548538 59.940423 30.317906 48 56
67548550 59.940529 30.318798 47 47
67548585 59.941069 30.318523 44 58
67548590 59.940765 30.319073 42 25
67548594 59.937402 30.318802 18 64
69121299 59.942926 30.320982 69 58
69121313 59.942803 30.320273 32 25
71527082 59.937050 30.326348 57 41
71527665 59.937108 30.325769 52 27
72989534 59.942660 30.329110 44 61
72989542 59.942458 30.328590 48 65
73269646 59.936350 30.321104 58 111
75374317 59.940684 30.326055 47 98
75374318 59.936851 30.323901 62 42
82515934 59.937265 30.320643 65 59
84734083 59.936236 30.322960 87 48
84734084 59.938211 30.324047 28 43
84734085 59.938043 30.324303 72 84
84734089 59.940065 30.324621 206 70
84734090 59.937555 30.323544 87 59
84832528 59.938555 30.322498 35 84
84832529 59.938790 30.322594 31 82
84832716 59.940184 30.321460 28 92
84832721 59.939769 30.322817 32 53
84832728 59.938617 30.320907 47 114
84832732 59.937950 30.320426 47 55
84841245 59.936753 30.325791 36 52
98329245 59.939318 30.325444 36 31
98329246 59.939468 30.326137 20 26
98329247 59.939987 30.325675 29 30
98329248 59.939228 30.326154 30 46
98329252 59.939886 30.326289 30 31
99028173 59.943450 30.322930 61 73
99250153 59.942943 30.325908 28 27
99250154 59.943057 30.327280 27 24
99250160 59.943412 30.326666 69 60
99299607 59.942691 30.326115 39 87
99310276 59.943240 30.324616 76 63
99310279 59.942704 30.325426 32 33
99313019 59.942895 30.324825 53 48
99315192 59.942840 30.324392 13 15
99315196 59.942615 30.324988 9 13
99315502 59.942640 30.323691 71 51
99315503 59.942953 30.323117 55 35
99318932 59.942903 30.322746 26 27
99318934 59.942556 30.322764 73 58
99318938 59.942409 30.323465 23 27
99350060 59.942372 30.321535 50 51
99350061 59.942134 30.321910 41 49
99350062 59.942599 30.321924 24 27
99350063 59.942521 30.322150 18 14
99350064 59.942189 30.322430 16 22
99619673 59.942010 30.321358 37 37
99619674 59.942208 30.321049 34 34
99737210 59.941630 30.320581 28 30
99737212 59.941822 30.320227 42 42
99737214 59.942010 30.320602 47 45
99737217 59.941819 30.320997 44 42
99738316 59.941707 30.319789 32 32
99738317 59.941529 30.320132 43 43
99742783 59.941368 30.319261 34 32
99742786 59.941286 30.319740 51 43
99742787 59.941530 30.319439 34 34
100016301 59.938070 30.317263 21 24
100334755 59.943321 30.321465 34 25
100334757 59.943055 30.321469 63 60
100334762 59.943453 30.320997 49 41
100345508 59.943437 30.320309 63 33
100345511 59.943386 30.320693 45 29
100432952 59.942710 30.320534 93 66
100439072 59.942453 30.319956 71 58
100548218 59.940957 30.322876 16 28
100548461 59.941441 30.321759 26 28
100549290 59.940700 30.323646 42 64
100550185 59.940891 30.320925 57 62
100607146 59.940213 30.322652 60 133
100609367 59.940517 30.317763 31 37
100613291 59.940672 30.320750 61 88
100613660 59.940491 30.320092 36 29
100616697 59.939936 30.320886 88 134
100645939 59.939961 30.322992 44 90
100645941 59.939183 30.321736 9 13
100687081 59.938411 30.320489 35 67
100904719 59.938051 30.321059 39 45
101852874 59.937206 30.321676 18 40
102048766 59.937830 30.317631 24 28
102122479 59.937438 30.318014 18 20
102122480 59.937205 30.318080 35 32
102154757 59.936814 30.318897 20 54
102156997 59.936856 30.317956 15 17
102157005 59.936589 30.318588 53 85
102213470 59.937088 30.316959 35 52
102213473 59.937347 30.316968 32 58
102213474 59.937614 30.317110 45 49
102214825 59.936907 30.316227 63 31
102214828 59.937191 30.316368 7 11
102215966 59.937104 30.315701 86 39
102216535 59.937321 30.316193 65 34
102216631 59.937084 30.315247 61 31
102253013 59.937125 30.314985 61 31
102253092 59.937210 30.313840 62 54
102253360 59.937251 30.313212 57 61
102265045 59.939711 30.326179 11 24
102268983 59.939805 30.326649 45 23
102270881 59.938709 30.325162 51 76
102273582 59.937996 30.325165 77 51
102277640 59.937154 30.324624 35 17
102277642 59.937274 30.323594 37 22
102277643 59.937102 30.324944 45 22
102278931 59.936375 30.324227 43 30
102279862 59.936478 30.323262 46 16
102305446 59.938459 30.326422 73 36
102305449 59.935862 30.325893 58 39
105506975 59.936382 30.328422 11 16
105506976 59.936787 30.328992 22 29
127645396 59.941206 30.330359 15 10
133054731 59.938479 30.325347 33 48
133054740 59.938911 30.326738 8 8
133054741 59.939178 30.326810 61 19
189092965 59.935616 30.320685 30 33
189092969 59.935253 30.320144 60 96
197658139 59.942128 30.330790 6 6
233051448 59.934658 30.319074 14 12
243384461 59.940640 30.317237 40 44
256711796 59.934783 30.327227 13 19
283443070 59.939523 30.325129 36 30
309796655 59.938402 30.318428 253 110
313995870 59.935928 30.323614 2 2
420392075 59.934899 30.327958 39 88
445053772 59.942546 30.324719 1 2
478514017 59.938986 30.325468 36 130
497324213 59.936965 30.318539 23 84
533278967 59.936457 30.320487 7 6
540286076 59.935108 30.314158 41 28
540286082 59.935184 30.314367 17 15
540304677 59.934994 30.326866 37 37
540304679 59.934587 30.327114 22 18
540304680 59.934459 30.327196 5 6
549454801 59.940715 30.316064 10 10
549454802 59.941078 30.315527 20 18
549454806 59.941299 30.316106 11 11
567780996 59.941140 30.315005 26 29
587445527 59.940044 30.327396 19 21
591842869 59.940161 30.327771 12 19
591842876 59.940481 30.325257 6 7
606857038 59.934798 30.328783 21 13
623509603 59.939658 30.328855 3 4
683621059 59.941194 30.321937 11 11
683621063 59.941039 30.322223 32 37
690385447 59.939959 30.322458 10 14
690751842 59.936587 30.329031 12 10
693924341 59.939082 30.322115 10 14
693924347 59.939596 30.321894 6 6
836173564 59.943107 30.321735 6 7
837410298 59.936369 30.315656 9 13
864140475 59.940722 30.318353 8 8
1087298189 59.939634 30.323128 6 26
1087298190 59.939702 30.323527 21 18
1155807644 59.939597 30.322004 6 6
1155807645 59.939596 30.321766 6 8
1164105847 59.939059 30.329085 8 10
1216689589 59.934906 30.323431 6 4
1227968848 59.934550 30.328937 8 9
1229081784 59.939131 30.330116 15 14
1230807517 59.940821 30.314069 11 10
1262018389 59.942630 30.325321 14 17
1262322399 59.943487 30.322157 23 17
