998
20863 53.905510 27.547231 32 32
21415 53.896532 27.543351 135 104
21417 53.896089 27.556231 78 81
21588 53.910371 27.566510 127 122
22297 53.899694 27.540327 117 104
22363 53.896831 27.565697 93 98
22821 53.911272 27.542803 119 130
23117 53.897930 27.564650 44 43
6984454 53.898653 27.562369 87 90
7574001 53.899230 27.567430 66 45
7574002 53.898313 27.568466 71 59
7574003 53.898814 27.568022 30 41
7574004 53.898869 27.566809 65 50
7574005 53.898685 27.565733 60 55
7657316 53.906314 27.557755 34 60
8414582 53.895190 27.560024 240 205
8478813 53.903683 27.557519 86 80
9095642 53.904069 27.567815 38 38
13411625 53.905315 27.570464 94 59
17951141 53.898963 27.548919 66 66
18503423 53.904381 27.559259 21 17
18503425 53.904786 27.559203 37 43
23571738 53.910738 27.549747 106 105
25326571 53.913938 27.570531 284 196
25326600 53.912477 27.567463 27 25
25326602 53.912110 27.567519 28 28
25326603 53.913117 27.568528 50 34
25326607 53.912809 27.567881 32 29
25326608 53.912300 27.567798 23 22
25326611 53.912679 27.568164 25 28
25326618 53.913071 27.570478 39 44
25326620 53.912715 27.565734 39 42
25326630 53.909800 27.571139 71 84
25326632 53.910922 27.569837 62 60
25326633 53.910339 27.570427 73 74
25326634 53.909329 27.571393 60 61
25326637 53.912178 27.568693 84 87
25326639 53.912763 27.571357 114 106
25326646 53.912651 27.569931 139 128
25326661 53.901380 27.566536 52 46
25326662 53.901152 27.566819 16 16
25326672 53.898498 27.568075 18 23
25326677 53.901580 27.568342 22 28
25326680 53.900109 27.569841 27 29
25326681 53.899829 27.566261 30 29
25326682 53.900933 27.565956 31 32
25326684 53.898073 27.566535 88 82
25326687 53.900812 27.566785 62 87
25326688 53.901312 27.565588 65 36
25326689 53.899734 27.566682 68 48
25326691 53.900251 27.566013 50 50
25326693 53.898345 27.567510 58 49
25326696 53.900973 27.567711 39 70
25326701 53.899360 27.569236 59 64
25326702 53.900296 27.567699 84 67
25326714 53.896791 27.572867 215 256
25326716 53.896686 27.571014 16 15
25326726 53.896496 27.570635 24 15
25326727 53.896265 27.570095 24 16
25326738 53.897626 27.565872 36 34
25326744 53.896344 27.571240 40 44
25326745 53.895879 27.567556 26 29
25326778 53.896598 27.569887 29 68
25326779 53.896552 27.568892 78 50
25326780 53.895720 27.570349 76 83
25327425 53.909145 27.557518 23 19
25327432 53.912792 27.556715 15 14
25327433 53.909119 27.556664 15 18
25327437 53.908997 27.557397 17 22
25327440 53.911329 27.563618 26 24
25327450 53.911720 27.561221 22 24
25327452 53.912203 27.557911 29 21
25327453 53.910595 27.557842 25 25
25327454 53.912939 27.556444 17 33
25327455 53.911619 27.563883 29 27
25327456 53.912505 27.558377 24 26
25327459 53.912922 27.558694 27 23
25327461 53.911453 27.562198 32 35
25327462 53.911619 27.558036 39 29
25327463 53.912817 27.559241 52 29
25327465 53.912250 27.561653 39 33
25327466 53.910996 27.557722 33 46
25327467 53.912658 27.562260 50 76
25327468 53.911615 27.557605 73 43
25327474 53.911164 27.564489 63 76
25327476 53.911374 27.558941 155 110
25327478 53.910488 27.561670 127 114
25327479 53.908836 27.557237 23 22
25327481 53.906128 27.565246 35 35
25327485 53.908705 27.557140 18 18
25327488 53.905799 27.557260 48 45
25327489 53.907838 27.556428 16 18
25327492 53.908592 27.557046 20 19
25327493 53.905796 27.556852 44 24
25327495 53.905403 27.558132 21 11
25327497 53.908427 27.556908 30 24
25327498 53.905801 27.558378 24 31
25327500 53.908162 27.556707 20 19
25327503 53.905186 27.558126 18 12
25327504 53.908005 27.556580 27 22
25327505 53.905495 27.557644 96 69
25327508 53.905610 27.558314 17 24
25327509 53.904943 27.559113 28 30
25327511 53.905200 27.559436 27 28
25327515 53.908248 27.556352 23 29
25327517 53.905048 27.560054 31 32
25327518 53.904621 27.560099 46 36
25327519 53.907516 27.557016 34 23
25327520 53.904762 27.564348 18 18
25327521 53.904969 27.558081 16 17
25327522 53.903785 27.558298 35 32
25327525 53.904543 27.557009 28 76
25327528 53.904778 27.558413 41 60
25327530 53.904353 27.559697 42 43
25327531 53.907771 27.557631 36 52
25327534 53.904712 27.560228 37 39
25327535 53.903903 27.558751 36 41
25327537 53.904716 27.557029 30 46
25327538 53.904810 27.563247 55 61
25327539 53.904206 27.557803 70 58
25327540 53.905037 27.558609 26 38
25327542 53.905221 27.564632 69 59
25327547 53.904988 27.557215 52 75
25327550 53.903948 27.564533 70 88
25327551 53.905517 27.561697 60 105
25327558 53.903354 27.563381 83 90
25327560 53.903309 27.560461 179 174
25327562 53.899905 27.565141 62 74
25327566 53.900260 27.564617 121 125
25327569 53.902338 27.565078 113 115
25327571 53.900472 27.560521 14 15
25327574 53.901866 27.558751 20 18
25327575 53.902138 27.558616 16 15
25327576 53.900412 27.556435 20 21
25327577 53.902015 27.559201 46 38
25327578 53.903203 27.558126 27 31
25327580 53.902831 27.564630 27 25
25327584 53.902555 27.563852 29 33
25327586 53.899061 27.561882 37 41
25327587 53.899986 27.561217 54 40
25327591 53.898957 27.560536 39 36
25327593 53.898744 27.559775 38 45
25327595 53.902615 27.557058 51 62
25327598 53.898096 27.561451 46 42
25327599 53.900882 27.556560 51 47
25327602 53.902911 27.558633 76 60
25327608 53.898288 27.563625 51 64
25327613 53.898291 27.559296 78 56
25327614 53.902229 27.559549 93 80
25327616 53.898797 27.558272 74 70
25327618 53.898502 27.564282 57 62
25327619 53.900853 27.562761 68 49
25327624 53.902841 27.557711 67 72
25327626 53.899383 27.563029 66 72
25327627 53.898370 27.560646 85 88
25327628 53.899128 27.558910 99 105
25327631 53.897838 27.560959 27 31
25327632 53.897929 27.559963 34 45
25327636 53.897794 27.559226 42 46
25327638 53.897497 27.558466 45 37
25327640 53.897492 27.565484 33 36
25327641 53.897347 27.565159 35 34
25327647 53.895625 27.564628 24 27
25327654 53.895709 27.563470 21 20
25327667 53.896468 27.562400 25 20
25327671 53.895508 27.564319 26 28
25327673 53.895689 27.562573 26 15
25327674 53.897170 27.556985 35 36
25327676 53.896595 27.562746 35 40
25327679 53.895492 27.563172 43 47
25327680 53.896740 27.557443 59 45
25327684 53.896191 27.564219 62 46
25327685 53.896469 27.557068 54 62
25327686 53.897327 27.562486 62 50
25327691 53.896897 27.563205 68 80
25327693 53.896125 27.563330 86 111
25387221 53.908869 27.556768 19 30
25387223 53.908101 27.556025 23 31
25387224 53.903951 27.555777 29 33
25387229 53.907695 27.556144 38 31
25387231 53.903558 27.556109 31 40
25387237 53.904186 27.555906 56 41
25387247 53.908572 27.556327 43 52
25387248 53.905264 27.556340 49 53
25387252 53.907659 27.555751 16 20
25387260 53.903508 27.552188 11 12
25387262 53.904614 27.549080 19 18
25387263 53.905404 27.548889 34 22
25387264 53.904496 27.549673 18 19
25387267 53.905233 27.550005 10 11
25387268 53.907836 27.555180 21 18
25387270 53.904327 27.549246 19 27
25387271 53.903658 27.552483 29 32
25387272 53.906275 27.547594 21 18
25387273 53.905907 27.547769 19 19
25387276 53.905093 27.551714 21 16
25387279 53.904493 27.555644 22 25
25387282 53.905934 27.556097 19 72
25387285 53.905192 27.549213 27 24
25387289 53.903611 27.552930 27 31
25387293 53.906231 27.548642 33 28
25387294 53.903436 27.553368 32 35
25387298 53.907498 27.548207 31 22
25387303 53.903757 27.548087 34 26
25387304 53.905691 27.548398 34 26
25387307 53.907664 27.549723 40 50
25387308 53.903623 27.548518 38 16
25387311 53.904502 27.549355 33 30
25387312 53.904712 27.551762 27 39
25387313 53.903898 27.553545 43 37
25387317 53.906635 27.547522 41 18
25387319 53.904098 27.548334 56 37
25387321 53.904259 27.555424 61 40
25387323 53.904305 27.548716 52 43
25387324 53.904433 27.553555 69 57
25387325 53.904564 27.547435 84 50
25387326 53.905211 27.552212 89 66
25387327 53.905950 27.549576 88 97
25387329 53.907086 27.552701 85 70
25387343 53.903295 27.552501 56 37
25387350 53.903073 27.554115 26 34
25387358 53.901696 27.556234 40 41
25387359 53.903225 27.547292 12 11
25387360 53.901649 27.555653 15 14
25387361 53.901520 27.550883 15 14
25387363 53.898065 27.548976 11 13
25387366 53.902710 27.554063 20 18
25387367 53.899642 27.547706 44 43
25387370 53.901647 27.547454 57 55
25387372 53.898781 27.546865 33 9
25387376 53.899573 27.553657 20 18
25387380 53.900331 27.548467 21 24
25387383 53.902093 27.547088 22 25
25387397 53.898704 27.551667 22 22
25387398 53.903172 27.551882 21 18
25387399 53.902903 27.552144 25 23
25387402 53.903177 27.551462 26 23
25387410 53.902353 27.554406 27 30
25387415 53.898960 27.551975 27 25
25387416 53.901783 27.550351 27 33
25387417 53.899134 27.553872 31 31
25387418 53.901116 27.550553 37 30
25387419 53.902678 27.552486 41 35
25387420 53.903106 27.552392 31 29
25387421 53.900751 27.553226 39 29
25387427 53.902720 27.551116 29 25
25387429 53.900309 27.554386 41 31
25387432 53.900657 27.554073 38 31
25387439 53.902480 27.548676 54 45
25387440 53.899818 27.552423 33 37
25387442 53.901528 27.553031 46 35
25387443 53.898371 27.549052 42 40
25387449 53.901441 27.555481 30 46
25387451 53.898267 27.551893 28 29
25387452 53.901810 27.554040 45 53
25387453 53.900545 27.552278 60 28
25387454 53.899313 27.555299 58 40
25387455 53.901914 27.551491 51 46
25387458 53.902025 27.553696 51 52
25387459 53.901769 27.555283 37 40
25387462 53.902789 27.553215 51 54
25387463 53.900409 27.555211 62 51
25387464 53.899987 27.553202 74 54
25387466 53.902854 27.554965 75 64
25387467 53.900278 27.553622 76 66
25387469 53.902256 27.553053 79 70
25387470 53.898401 27.551236 56 69
25387471 53.901181 27.554348 73 61
25387473 53.898516 27.553941 76 77
25387478 53.899538 27.554646 57 71
25387488 53.898475 27.548268 73 100
25387495 53.899501 27.550497 62 67
25387513 53.898791 27.553464 22 22
25387522 53.897924 27.549461 37 42
25387523 53.897781 27.550297 45 47
25387525 53.896768 27.556137 13 13
25387527 53.896622 27.556186 29 30
25387528 53.896844 27.555699 45 51
25387530 53.894936 27.555732 60 69
25387534 53.896669 27.555951 10 9
25387536 53.895156 27.553508 45 37
25387538 53.896513 27.546902 14 18
25387542 53.895590 27.551962 45 55
25387545 53.897307 27.548632 25 23
25387549 53.896387 27.551553 94 104
25387550 53.896929 27.553981 25 12
25387553 53.896001 27.552050 38 50
25387554 53.895340 27.554564 34 30
25387557 53.897226 27.554415 36 39
25387563 53.895833 27.552526 37 40
25387568 53.896217 27.552665 35 30
25387578 53.896521 27.548620 34 48
25387582 53.895275 27.553879 68 49
25387592 53.896337 27.555514 41 47
25387595 53.895467 27.555304 82 82
25387604 53.894911 27.552805 129 93
25387606 53.895189 27.549749 101 146
25387608 53.897056 27.550218 127 154
25388261 53.911134 27.546247 124 95
25388262 53.910164 27.546247 18 16
25388266 53.911034 27.542218 28 14
25388269 53.909596 27.543946 39 21
25388270 53.910468 27.545227 24 52
25388273 53.909340 27.544201 24 25
25388277 53.910694 27.545880 66 45
25388279 53.911100 27.540589 58 47
25388281 53.911086 27.545143 80 56
25388288 53.911507 27.541121 99 63
25388315 53.906211 27.543935 10 25
25388317 53.908425 27.546583 15 15
25388321 53.906272 27.543494 11 31
25388322 53.904613 27.546627 24 15
25388323 53.904397 27.546201 25 14
25388325 53.907969 27.544558 14 22
25388328 53.906925 27.545150 41 23
25388333 53.903652 27.546292 22 20
25388338 53.903884 27.540876 45 20
25388340 53.907932 27.544874 24 20
25388342 53.906086 27.542407 26 39
25388344 53.904332 27.540743 43 36
25388345 53.905899 27.543348 28 45
25388356 53.906130 27.544657 41 45
25388358 53.908520 27.543815 50 47
25388368 53.905998 27.546096 49 47
25388370 53.907559 27.543923 76 52
25388371 53.903824 27.541674 64 34
25388375 53.907603 27.543370 42 47
25388395 53.906853 27.544184 126 117
25388398 53.901898 27.546652 38 39
25388407 53.901041 27.546827 89 79
25388416 53.902616 27.545989 110 132
25388418 53.898835 27.546102 89 75
25388419 53.901856 27.544301 14 12
25388424 53.902229 27.543437 14 13
25388435 53.899196 27.540554 22 28
25388438 53.902374 27.543100 22 23
25388439 53.902000 27.543951 23 25
25388441 53.901482 27.542896 23 27
25388442 53.902365 27.545259 31 35
25388444 53.901715 27.540966 27 24
25388445 53.902865 27.544257 30 25
25388446 53.901973 27.545135 30 29
25388448 53.900630 27.544474 35 29
25388451 53.901749 27.543199 31 31
25388454 53.901184 27.542619 37 31
25388460 53.901441 27.546123 30 35
25388469 53.901058 27.543640 42 47
25388473 53.899942 27.544270 41 54
25388474 53.898797 27.543922 28 41
25388479 53.901683 27.546126 30 50
25388480 53.899652 27.544185 34 43
25388481 53.898312 27.544798 53 41
25388484 53.902238 27.545748 40 44
25388485 53.898750 27.545222 41 37
25388486 53.900299 27.544238 42 51
25388487 53.901815 27.545506 48 50
25388492 53.900350 27.542372 54 52
25388494 53.901294 27.541524 49 95
25388495 53.901450 27.545128 68 64
25388496 53.902218 27.542010 70 94
25388503 53.900199 27.545151 64 81
25388506 53.899541 27.543145 82 40
25388519 53.897644 27.547596 78 88
25388521 53.897619 27.542219 58 58
25388526 53.897614 27.545986 78 74
25388534 53.896897 27.546697 63 91
25388555 53.897480 27.541822 30 26
25388574 53.897053 27.541410 48 56
25388578 53.897226 27.545015 59 51
25388590 53.894999 27.543425 73 85
25388602 53.895563 27.542488 128 66
25431816 53.911823 27.565932 27 26
25431821 53.913117 27.567483 26 28
25431823 53.911996 27.565582 28 26
25431824 53.912822 27.567188 28 27
25431825 53.912080 27.566286 28 27
25431827 53.913177 27.566126 26 28
25431828 53.912961 27.566688 26 28
25431835 53.910274 27.569063 78 52
25431836 53.911550 27.571571 94 84
25431837 53.912450 27.566755 40 34
25431838 53.911024 27.567550 41 44
25431844 53.910695 27.568350 49 79
25431846 53.911871 27.569974 60 51
25431847 53.911030 27.571387 53 44
25431854 53.911772 27.566519 53 50
25431855 53.911270 27.569318 72 67
25431856 53.909600 27.569932 70 71
25431859 53.908621 27.571357 52 42
25431870 53.903590 27.566594 58 105
25431874 53.898633 27.571312 24 24
25431875 53.902496 27.567888 46 56
25431878 53.897916 27.570172 54 38
25431879 53.898440 27.571339 19 17
25431880 53.898287 27.571006 17 13
25431881 53.899961 27.568744 53 45
25431883 53.901435 27.568868 60 55
25431885 53.902053 27.568576 86 57
25431887 53.900750 27.569793 97 71
25431888 53.901908 27.566761 89 99
25431889 53.897690 27.568089 48 50
25431890 53.897682 27.570706 36 44
25431894 53.896953 27.571302 22 25
25431898 53.897131 27.570830 26 28
25431900 53.897348 27.570314 34 38
25431905 53.895022 27.571359 58 63
25431907 53.897284 27.569394 50 63
25432459 53.912214 27.565327 25 27
25432464 53.911553 27.565344 64 50
25432475 53.912549 27.564051 27 25
25432494 53.912728 27.563412 27 24
25432502 53.912916 27.561267 39 34
25432509 53.909235 27.557291 16 25
25432521 53.912368 27.564923 25 27
25432522 53.912407 27.564440 27 25
25432525 53.913176 27.563196 27 24
25432526 53.912897 27.562944 28 25
25432528 53.912836 27.564324 27 25
25432535 53.913038 27.563697 28 25
25432536 53.913169 27.562606 25 27
25432541 53.910424 27.558364 42 35
25432565 53.911916 27.560665 56 52
25432573 53.909320 27.556840 24 37
25432576 53.909632 27.557751 70 62
25432577 53.910102 27.558199 38 29
25432579 53.912128 27.563836 41 68
25432580 53.913207 27.564649 44 33
25432582 53.911083 27.563129 64 76
25432595 53.912471 27.560875 53 35
25432596 53.911857 27.562544 52 37
25432597 53.911889 27.564667 40 51
25432598 53.911781 27.563275 52 38
25432599 53.912294 27.563014 57 37
25432603 53.910672 27.564138 45 70
25432607 53.904452 27.565473 108 49
25432610 53.905631 27.563830 53 67
25432612 53.904395 27.563721 49 55
25432613 53.903408 27.565499 55 56
25432614 53.901316 27.557517 37 35
25432615 53.898732 27.561583 41 36
25432617 53.899572 27.562289 35 31
25432618 53.899780 27.560875 36 38
25432621 53.898284 27.564987 29 27
25432635 53.899699 27.561789 39 46
25432638 53.898181 27.558524 37 40
25432639 53.898266 27.557177 79 97
25432641 53.901027 27.557936 45 40
25432642 53.899033 27.563564 66 66
25432653 53.899390 27.560025 59 43
25432657 53.901700 27.556978 65 56
25432661 53.902141 27.557530 77 68
25432665 53.901610 27.558293 64 58
25432666 53.901351 27.559632 110 133
25432668 53.900880 27.560391 106 117
25432670 53.897690 27.565247 29 28
25432677 53.897738 27.557602 31 32
25432681 53.897612 27.560233 41 63
25432683 53.896358 27.564774 48 42
25432689 53.897162 27.558103 50 38
25433991 53.913191 27.555272 373 235
25433997 53.909355 27.556192 32 27
25434066 53.908877 27.555883 66 38
25434073 53.905058 27.549816 16 20
25434087 53.904946 27.550020 26 21
25434099 53.906470 27.547093 26 17
25434101 53.904717 27.549928 22 26
25434107 53.908496 27.555628 25 21
25434113 53.908027 27.555404 24 31
25434124 53.908246 27.555518 25 27
25434137 53.904880 27.549452 33 22
25434144 53.904914 27.548956 23 32
25434157 53.905744 27.551707 38 31
25434201 53.905058 27.548491 50 36
25434271 53.907840 27.547042 94 36
25434278 53.906439 27.551071 124 84
25434457 53.904101 27.550370 70 59
25434522 53.902634 27.548236 44 55
25434530 53.902246 27.555824 28 27
25434542 53.902168 27.556338 52 48
25434603 53.899492 27.547206 18 17
25434608 53.902138 27.550439 24 31
25434624 53.902690 27.555607 52 41
25434629 53.901419 27.549779 37 35
25434633 53.899334 27.547303 32 28
25434636 53.898223 27.549913 26 26
25434652 53.902359 27.551659 25 28
25434654 53.902192 27.547227 28 31
25434672 53.901934 27.547765 40 39
25434673 53.902370 27.555301 42 48
25434674 53.897838 27.552587 124 109
25434675 53.899767 27.556384 113 149
25434676 53.901936 27.552562 53 43
25434679 53.898632 27.552515 54 39
25434682 53.900249 27.551875 69 52
25434684 53.899382 27.551939 97 68
25434686 53.897705 27.554155 44 48
25434692 53.897240 27.555631 83 97
25434694 53.895648 27.553285 40 57
25434700 53.894952 27.554278 42 34
25434702 53.897195 27.553567 27 15
25434703 53.896375 27.553201 38 26
25434704 53.896810 27.554691 31 34
25434707 53.896198 27.553399 18 18
25434709 53.897547 27.555580 32 38
25434711 53.897351 27.551073 35 42
25434714 53.896540 27.552958 29 27
25434715 53.895489 27.552738 26 28
25434740 53.896679 27.554088 58 35
25434741 53.896045 27.554289 111 98
25434743 53.897092 27.552933 113 98
25435022 53.910209 27.540854 34 94
25435023 53.909642 27.544907 76 80
25435024 53.909569 27.542219 68 88
25435025 53.908825 27.544552 79 91
25435027 53.908507 27.546035 110 34
25435029 53.905223 27.546642 17 22
25435030 53.907141 27.546742 42 38
25435031 53.905415 27.545453 18 14
25435032 53.904383 27.544256 20 21
25435033 53.904196 27.544616 21 22
25435051 53.907273 27.545254 23 19
25435052 53.907546 27.545063 26 20
25435053 53.906904 27.546210 22 26
25435056 53.903891 27.545025 30 27
25435057 53.903591 27.545706 30 28
25435060 53.906773 27.545702 25 24
25435066 53.908607 27.540605 34 22
25435068 53.906722 27.541636 36 23
25435069 53.904639 27.544697 37 22
25435072 53.906303 27.541134 35 58
25435073 53.906342 27.545355 44 45
25435081 53.905522 27.544854 42 48
25435082 53.904064 27.544097 45 54
25435083 53.907247 27.541169 66 33
25435086 53.904979 27.545419 29 66
25435091 53.904710 27.541358 57 80
25435092 53.904123 27.542691 73 67
25435094 53.907473 27.541963 101 40
25435099 53.905515 27.546302 38 44
25435101 53.904780 27.543911 104 81
25435102 53.906747 27.540017 52 110
25435104 53.903301 27.546365 29 27
25435108 53.903184 27.540997 57 71
25435109 53.903602 27.543821 69 86
25435110 53.899760 27.546780 23 21
25435111 53.899621 27.546508 26 32
25435112 53.899959 27.541883 10 10
25435117 53.902841 27.542707 22 22
25435118 53.903111 27.542222 23 22
25435121 53.902851 27.540748 31 36
25435122 53.901405 27.543751 32 32
25435123 53.899402 27.545702 42 35
25435125 53.902427 27.543486 56 46
25435126 53.902041 27.544338 56 46
25435127 53.900854 27.540941 37 65
25435128 53.900405 27.540715 34 65
25435131 53.901758 27.541924 43 70
25435132 53.902274 27.540793 46 68
25435133 53.902732 27.542109 60 59
25435136 53.897586 27.543911 78 85
25435137 53.897811 27.543120 80 63
25753407 53.901146 27.544267 40 32
27422412 53.900570 27.557658 86 122
33308606 53.907161 27.565517 16 16
33506454 53.903348 27.556287 11 10
35605527 53.901902 27.553263 15 17
35605528 53.901678 27.553552 31 28
35605529 53.901453 27.554971 49 37
35606014 53.902541 27.551440 22 24
35606087 53.902408 27.551083 33 37
35740822 53.903241 27.544662 35 41
35740823 53.902723 27.544928 44 39
35740824 53.901072 27.546194 137 105
35740826 53.903874 27.547395 42 27
35980398 53.905010 27.542870 66 60
35980665 53.901888 27.550764 40 44
35980666 53.905200 27.546988 19 27
35980670 53.902502 27.548012 40 52
35980671 53.905749 27.547818 22 19
35980673 53.906922 27.545571 23 21
35980674 53.905094 27.548033 26 30
35980675 53.908233 27.544027 35 50
35980676 53.907316 27.550742 83 47
35980677 53.905986 27.542792 25 25
35980680 53.901927 27.542786 21 21
35980681 53.905493 27.546831 8 20
35980684 53.904408 27.548999 12 14
35980685 53.906109 27.547652 21 18
35980686 53.907569 27.545965 105 54
35980687 53.904817 27.550989 89 46
35995625 53.902097 27.554683 42 47
35995626 53.902209 27.552041 44 45
35995627 53.900024 27.554641 33 26
35995628 53.899836 27.554843 23 20
35995629 53.901177 27.550189 26 27
35995630 53.898634 27.550516 68 81
35995634 53.899016 27.554760 63 72
35995636 53.903289 27.553027 21 26
35995638 53.903188 27.552827 21 22
35995639 53.903443 27.552694 35 29
35995640 53.902976 27.552321 22 27
35995641 53.903056 27.552004 16 15
35995642 53.903335 27.552086 39 27
35995643 53.903460 27.551722 21 30
35995645 53.902804 27.551597 49 30
35995647 53.911556 27.561645 31 46
35995650 53.897040 27.556563 87 90
35995652 53.899166 27.561129 67 49
35995653 53.899473 27.561355 28 33
35995657 53.900154 27.560320 64 57
35995658 53.900771 27.561508 59 53
35995659 53.898394 27.558144 32 41
35995661 53.899286 27.557201 115 143
35995662 53.900040 27.558718 63 78
35995663 53.899855 27.559549 60 52
35995664 53.897490 27.557736 36 29
35995665 53.897943 27.557944 31 37
35995666 53.898927 27.560199 27 29
35996168 53.898101 27.551145 36 33
35996169 53.897708 27.550829 34 30
35996170 53.896688 27.549150 32 38
35996172 53.896008 27.552879 30 26
35996174 53.895757 27.551450 41 37
35996176 53.895269 27.550881 50 28
35996834 53.898865 27.548107 61 63
35996835 53.897998 27.545291 59 71
37974857 53.902976 27.567332 69 56
37992568 53.905481 27.547838 29 20
37992569 53.905281 27.547904 21 18
38613542 53.900890 27.563300 13 12
38809285 53.901222 27.552736 41 49
38809286 53.900808 27.551515 32 61
38809287 53.897671 27.551581 52 40
38809288 53.902656 27.552721 17 20
38809289 53.901010 27.552942 30 34
38809290 53.898678 27.553267 40 33
38809291 53.900581 27.551890 16 15
41829513 53.895641 27.548054 24 24
41829514 53.895902 27.549010 11 11
41829515 53.896284 27.549552 11 11
41829516 53.896219 27.548737 11 11
52518293 53.899538 27.542042 66 83
52616659 53.910566 27.551067 52 34
53037722 53.904033 27.552465 101 110
53037751 53.902459 27.550140 195 141
53039845 53.899264 27.552839 93 46
56144897 53.909889 27.554690 8 8
56144898 53.909940 27.555111 8 6
58253071 53.895160 27.540764 45 104
59966921 53.900499 27.541557 57 37
59966923 53.899917 27.543733 64 38
59966926 53.900774 27.544024 14 17
62854177 53.895678 27.555014 74 50
67384666 53.895387 27.563736 20 19
67384672 53.895545 27.563950 17 15
71266975 53.906651 27.541182 10 9
71269412 53.900461 27.544663 12 13
71269417 53.900607 27.544777 12 12
74174466 53.895955 27.569464 7 7
75260859 53.901395 27.542423 10 10
78407346 53.906227 27.546714 22 14
78407350 53.904341 27.544868 11 11
78407367 53.907328 27.543361 10 10
78407394 53.906562 27.548412 50 53
78411542 53.904860 27.560754 25 24
78411548 53.905426 27.558707 46 47
78411554 53.905565 27.559387 48 98
78411559 53.905416 27.559104 16 13
89873232 53.905720 27.544143 49 60
100041810 53.896047 27.545037 169 202
100418249 53.896500 27.547571 56 39
100454024 53.907775 27.555379 21 13
100454025 53.907788 27.555564 17 20
108431670 53.903492 27.545464 12 12
109899355 53.898771 27.556930 12 11
117334340 53.895876 27.564661 12 12
145074846 53.911924 27.567352 44 55
155145676 53.904499 27.568314 19 19
155145695 53.902793 27.566040 79 68
155607916 53.912256 27.541284 34 45
156144832 53.904551 27.561764 63 77
156144834 53.904081 27.556937 46 58
175398077 53.910550 27.556929 202 55
176540481 53.897106 27.558844 74 74
180967644 53.904059 27.559115 20 21
180967647 53.904206 27.559392 26 20
180967653 53.906959 27.553267 8 8
180967655 53.905277 27.560453 16 21
208116976 53.908893 27.556247 18 28
211424646 53.899488 27.569064 15 15
211424647 53.897009 27.569204 10 11
211424648 53.899427 27.566763 21 24
229053584 53.908489 27.548505 112 120
229053585 53.909363 27.546668 173 118
229053587 53.906734 27.549155 15 8
229053588 53.908189 27.548266 43 41
232198552 53.911166 27.550840 101 101
245833972 53.901451 27.550617 29 21
251300187 53.911500 27.545817 18 20
255098531 53.901599 27.549898 23 25
255101949 53.903751 27.544976 20 25
255101956 53.903449 27.545656 20 25
260904651 53.898883 27.547479 19 19
260904653 53.898776 27.547677 22 22
260904655 53.898609 27.547994 33 35
260904658 53.898587 27.547451 28 35
261703253 53.897711 27.558024 20 28
263374860 53.896424 27.552340 33 30
263934874 53.901991 27.550018 37 37
263934875 53.901788 27.549688 24 27
274148485 53.904341 27.557178 20 30
290617443 53.901390 27.556558 10 10
303608933 53.904855 27.551398 32 22
303608940 53.905414 27.551534 8 10
311119094 53.896761 27.553534 48 32
321954016 53.912716 27.566587 7 7
321954055 53.912055 27.562239 29 24
325698205 53.901355 27.559515 15 14
325698208 53.901461 27.559732 15 13
325698209 53.901637 27.559306 54 50
332837409 53.895171 27.544057 12 17
332845303 53.897667 27.546446 49 45
332865147 53.897480 27.544351 9 10
332879102 53.897892 27.554474 7 8
332888504 53.901201 27.553616 30 24
332888698 53.901150 27.553374 30 40
332899356 53.900874 27.552643 22 23
332899360 53.900627 27.552012 16 15
332901946 53.902873 27.554293 18 17
332910389 53.902904 27.551109 8 8
336559337 53.906203 27.558999 79 89
336559342 53.906279 27.556713 18 22
337531484 53.908607 27.541744 109 93
338891289 53.903379 27.542808 26 25
341854548 53.896078 27.548929 6 6
341854549 53.895383 27.547519 6 6
341854550 53.896181 27.549238 6 6
341854551 53.896149 27.549135 6 6
341854552 53.896015 27.548726 6 6
341854553 53.896048 27.548828 6 6
341854554 53.895351 27.547418 6 6
341854555 53.895254 27.547123 6 6
341854556 53.895291 27.547229 6 6
341854557 53.895219 27.547019 6 6
342737718 53.904298 27.569694 32 35
342737719 53.904632 27.570133 51 33
346078784 53.909236 27.548247 80 86
346078785 53.909613 27.547374 99 94
346078786 53.910254 27.547122 85 90
346078787 53.908080 27.549527 79 76
347338490 53.904833 27.558093 16 24
347338491 53.905711 27.556326 48 96
359177649 53.903795 27.563880 26 26
359177651 53.906278 27.557027 18 11
359589837 53.906454 27.542728 90 50
361420932 53.899882 27.548003 33 30
361680328 53.903728 27.549648 56 42
361680329 53.903081 27.549145 93 69
361790542 53.905924 27.555013 9 8
362065701 53.905374 27.549603 29 24
362086087 53.902989 27.546962 30 27
362705719 53.910205 27.551235 8 7
365247415 53.898984 27.568702 8 8
367600858 53.904362 27.558584 59 61
367822095 53.910449 27.571313 7 7
367856123 53.902252 27.550766 27 23
368591418 53.909437 27.570824 6 6
374949646 53.904790 27.569359 49 39
376298203 53.910779 27.557291 100 42
383020136 53.910387 27.544675 5 4
386718948 53.905857 27.560035 46 59
387209945 53.904717 27.548582 19 24
389936143 53.911067 27.568210 13 13
396932039 53.897547 27.567138 115 92
396956696 53.897802 27.563945 58 58
396963029 53.897759 27.563206 8 8
401636929 53.899854 27.562884 33 31
401636935 53.899966 27.562435 40 53
411791259 53.903097 27.543414 34 31
430441693 53.908936 27.555872 19 18
431615462 53.902059 27.553448 20 25
431615463 53.902284 27.553868 21 19
431890285 53.899574 27.558566 22 19
431890301 53.899728 27.559345 42 36
440090902 53.899353 27.562089 14 14
440090904 53.899184 27.562336 25 33
440090912 53.899191 27.561897 20 18
440092364 53.902853 27.566269 72 62
441748756 53.904374 27.558191 54 32
442376838 53.911887 27.567857 19 22
446377425 53.911832 27.540018 130 132
452472066 53.898121 27.551943 14 13
452472067 53.898315 27.552228 16 16
459809865 53.899726 27.562382 7 7
465187327 53.902774 27.547572 68 65
472265712 53.896411 27.555851 33 44
472265714 53.896664 27.556489 17 20
476284851 53.903632 27.567714 7 6
478294133 53.901727 27.554808 4 4
478294136 53.902061 27.555534 32 35
480029779 53.898159 27.543604 12 13
480029781 53.898255 27.543158 40 42
480029783 53.898401 27.543413 49 48
480029785 53.898382 27.543699 14 12
480029787 53.898261 27.542817 25 24
480029788 53.898062 27.542365 48 52
482601233 53.903406 27.554053 34 39
482601234 53.903468 27.554560 45 43
482601237 53.903165 27.553466 46 52
482601336 53.903119 27.554645 44 44
486762575 53.904888 27.552415 16 18
486927912 53.903815 27.553185 33 33
490770155 53.907253 27.553312 15 16
519714132 53.901669 27.568568 9 9
524561501 53.898617 27.567948 35 41
531538364 53.911842 27.565715 5 5
532544189 53.899163 27.547878 40 40
532544190 53.899294 27.548342 31 29
532544191 53.899134 27.548243 39 36
532544192 53.898928 27.548658 28 26
534981339 53.911935 27.561277 9 10
536141671 53.908579 27.558277 54 32
536141672 53.908087 27.558160 41 34
536141673 53.908291 27.558345 19 26
537143231 53.913192 27.569300 50 64
538208752 53.905021 27.556183 27 35
543987863 53.903698 27.549735 307 231
552517231 53.900254 27.561959 80 61
555967356 53.904027 27.548843 10 12
555973874 53.904462 27.549890 4 4
556289670 53.904293 27.564517 20 19
568632795 53.898724 27.563892 56 75
574852129 53.905787 27.560929 8 8
586354950 53.896376 27.553782 17 16
586354951 53.896291 27.553598 22 23
586354952 53.897307 27.554035 9 9
588730124 53.897056 27.550365 15 18
602621433 53.896846 27.560041 97 121
603113856 53.897911 27.548869 21 20
603401698 53.897530 27.551043 23 22
603951502 53.900897 27.555200 49 65
603952025 53.902678 27.550718 36 27
603952026 53.902471 27.550685 29 23
605866054 53.898497 27.571042 29 30
605866055 53.898342 27.570731 29 30
605866057 53.898189 27.570426 29 30
607718460 53.899267 27.550718 36 44
607718461 53.911417 27.570726 50 63
609000303 53.911359 27.566802 59 66
609194477 53.897404 27.554186 6 7
610531272 53.900232 27.552310 9 10
610765682 53.911465 27.562967 32 29
611216464 53.903732 27.553912 57 69
613397229 53.902475 27.552622 19 21
615493292 53.899380 27.551641 7 8
615493293 53.898612 27.552167 10 9
618579953 53.901422 27.550097 6 7
618579966 53.898047 27.542861 14 13
618766895 53.897026 27.553203 6 7
618870783 53.898699 27.556457 25 23
621494147 53.899456 27.559387 7 7
625082029 53.908498 27.546537 9 10
625082036 53.905311 27.550110 20 19
625576415 53.899967 27.555720 8 8
625576416 53.900052 27.556021 5 5
633604269 53.911077 27.563860 20 24
638748801 53.900996 27.552154 30 39
646092081 53.905306 27.546084 25 52
675669964 53.906747 27.548501 17 13
675669965 53.906776 27.548205 20 30
675669966 53.906805 27.547910 18 14
675669967 53.906827 27.547733 18 14
685089701 53.906199 27.564649 11 10
689325330 53.908858 27.556182 2 4
689354198 53.908057 27.555574 10 14
689357939 53.907909 27.556265 9 12
689358836 53.907728 27.555717 6 8
689367319 53.908819 27.557103 3 3
689367321 53.908782 27.556745 2 2
689369358 53.909041 27.557346 11 6
689369767 53.908928 27.557380 4 7
689428457 53.904573 27.559900 5 5
692192237 53.900778 27.552423 25 21
692954843 53.900096 27.552506 10 11
693683984 53.902391 27.558267 12 11
693709682 53.903308 27.551755 19 17
695820115 53.905462 27.555784 3 5
695820117 53.905570 27.555830 3 9
754479901 53.894969 27.542797 46 39
754479902 53.895424 27.542982 10 9
754479915 53.902878 27.553754 12 12
754479924 53.904305 27.553419 15 16
758720599 53.900080 27.568033 11 11
759851562 53.902449 27.551964 26 27
760625869 53.901571 27.551061 13 12
760625871 53.902383 27.553228 19 17
764566486 53.907750 27.544620 26 10
764566512 53.905638 27.545644 9 9
766153191 53.897905 27.551275 28 27
775589273 53.904936 27.559646 29 34
775589274 53.905061 27.559696 14 14
783575051 53.896215 27.552272 11 6
783575060 53.896199 27.551273 27 25
783575061 53.896486 27.551803 17 24
783687031 53.910772 27.540812 6 7
783687041 53.911194 27.541699 12 30
783687042 53.911001 27.541158 19 9
783687047 53.910786 27.541809 4 4
801281938 53.898303 27.564542 48 45
804909175 53.907753 27.541106 20 42
804919779 53.905412 27.549252 24 31
804930838 53.905515 27.548663 10 19
828541466 53.897435 27.559770 39 42
832991815 53.903906 27.562497 77 111
840647797 53.897318 27.544694 55 49
840647798 53.897023 27.544504 10 9
840647799 53.896916 27.544727 17 20
841498350 53.899088 27.553473 10 10
841498351 53.898881 27.553775 16 18
841498352 53.898927 27.553448 30 37
841498353 53.899076 27.553296 14 14
841498354 53.899384 27.554735 6 6
841498357 53.899485 27.552957 3 20
841498358 53.899482 27.553325 31 31
841498365 53.899195 27.553304 12 10
841498366 53.899220 27.553516 11 11
841498368 53.899881 27.554400 6 7
846500251 53.899254 27.565888 120 104
846500252 53.898273 27.567097 19 23
846500258 53.898675 27.566419 12 11
890490905 53.908136 27.552006 6 6
903830730 53.900644 27.543121 57 68
939337140 53.899486 27.542521 14 16
956603259 53.897866 27.567471 11 11
956603260 53.899015 27.567896 5 5
956603261 53.899073 27.567813 5 5
960462884 53.899809 27.548768 58 65
960686112 53.898874 27.550563 35 28
960722746 53.903598 27.550133 17 17
960722747 53.903597 27.550134 15 15
960722748 53.903597 27.550118 16 18
960722749 53.903321 27.550212 189 155
960722750 53.903542 27.550099 209 165
960888974 53.898944 27.551172 42 45
960888975 53.899073 27.550909 36 47
961283208 53.904973 27.546679 19 20
961283209 53.904889 27.547122 22 33
961283210 53.904408 27.546978 27 31
976900864 53.897546 27.553792 8 8
976911450 53.898268 27.555206 77 100
976911452 53.897906 27.556226 88 61
981610399 53.897048 27.556368 9 9
983377063 53.913173 27.561954 28 25
1003196579 53.898747 27.541655 147 169
1013573848 53.896589 27.561755 3 3
1013573889 53.896768 27.562256 8 8
1013597158 53.897208 27.567616 49 60
1013597165 53.898302 27.566005 11 11
1013614813 53.895921 27.570859 9 10
1019381668 53.905206 27.555859 3 3
1019411792 53.904915 27.556215 5 10
1019494219 53.904614 27.558867 17 19
1019771978 53.910396 27.545979 5 5
1019772029 53.911433 27.545534 5 5
1022865318 53.898070 27.570795 11 10
1073999029 53.895128 27.548829 9 13
1075922148 53.901950 27.558601 7 7
1076369463 53.902034 27.558757 10 10
1094754283 53.907911 27.558020 10 6
1112706389 53.904741 27.546276 25 14
1112706390 53.904803 27.546624 12 17
1112706391 53.904364 27.546504 20 14
1112706392 53.903753 27.546941 96 49
1118730334 53.903988 27.568035 103 105
1144854851 53.909279 27.568185 8 8
1147221131 53.904058 27.546548 44 25
1149711522 53.895238 27.545407 11 11
1149711523 53.895449 27.546040 11 11
1149985543 53.902216 27.561890 6 6
1163667061 53.907646 27.560103 175 158
1193323369 53.899940 27.544833 19 21
1193323375 53.901239 27.545167 26 25
1193323376 53.901105 27.545547 24 24
1213421919 53.904364 27.558585 58 60
1217885336 53.904460 27.551419 6 6
1217885337 53.904499 27.551582 5 5
1251071294 53.912905 27.568796 12 10
1254694059 53.907312 27.559143 58 53
1256972391 53.904494 27.547986 52 30
1256972392 53.904282 27.547735 41 28
1256973130 53.905002 27.546377 22 22
1308613194 53.896301 27.558406 17 20
1309124187 53.905526 27.560658 12 8
1319956281 53.905804 27.545377 8 8
1319956285 53.906504 27.546888 20 17
1348539335 53.907800 27.552875 15 16
1348583810 53.904537 27.559147 20 15
1377221093 53.902923 27.542332 14 13
