10 
984969058 30.3229984 59.9389521 1 4179710957 30.3233536 59.9389453 20.311 
1589052140 30.3235586 59.938519 1 1589052146 30.323401 59.938538 9.029 
1589052146 30.323401 59.938538 2 1589052140 30.3235586 59.938519 9.029 1589052148 30.3232601 59.9385549 8.07 
1589052148 30.3232601 59.9385549 2 1589052150 30.3231723 59.9385655 5.031 1589052146 30.323401 59.938538 8.07 
1589052150 30.3231723 59.9385655 3 1589052148 30.3232601 59.9385549 5.031 4179710957 30.3233536 59.9389453 43.422 3588556748 30.3231493 59.9385174 5.5 
3588556748 30.3231493 59.9385174 1 1589052150 30.3231723 59.9385655 5.5 
4179710957 30.3233536 59.9389453 4 7875699167 30.3234544 59.9391564 24.135 1589052150 30.3231723 59.9385655 43.422 4179710958 30.3234497 59.9389496 5.374 984969058 30.3229984 59.9389521 20.311 
4179710958 30.3234497 59.9389496 2 1589052148 30.3232601 59.9385549 45.141 4179710957 30.3233536 59.9389453 5.374 
6202396896 30.3235439 59.9391456 2 4179710958 30.3234497 59.9389496 22.417 7875699167 30.3234544 59.9391564 5.128 
7875699167 30.3234544 59.9391564 2 4179710957 30.3233536 59.9389453 24.135 6202396896 30.3235439 59.9391456 5.128 
