131
161754 58.523128 31.268590 109 82
6819021 58.522688 31.275079 26 26
6819022 58.522749 31.275405 11 11
6819023 58.522867 31.275390 28 27
6819024 58.522404 31.274627 51 45
6819026 58.522707 31.275576 19 19
6819027 58.522671 31.275875 30 33
6819028 58.522777 31.276330 36 37
27275126 58.522115 31.276717 52 51
27275134 58.520567 31.274759 90 134
27275214 58.521403 31.277537 37 29
27676490 58.518502 31.274368 19 19
27676491 58.518455 31.275543 20 20
27676492 58.521065 31.272791 19 19
27676493 58.519532 31.272825 19 19
27676494 58.518954 31.273320 20 20
27676495 58.520162 31.272588 16 12
27676496 58.522716 31.278338 17 17
27676498 58.523287 31.276656 16 17
27676499 58.523074 31.275472 16 16
27676501 58.519486 31.275777 16 19
27676503 58.519893 31.275249 31 27
27676504 58.520077 31.274442 28 22
27676505 58.520228 31.273874 33 28
27676506 58.521898 31.274904 66 125
27676507 58.521614 31.276840 39 38
27676510 58.522092 31.276119 24 20
27676513 58.522924 31.277089 92 54
27799141 58.521784 31.269808 31 66
27907980 58.521942 31.277687 37 44
28187295 58.519543 31.268504 69 84
28187297 58.520317 31.268344 101 54
28187298 58.521887 31.268482 126 73
28187300 58.517515 31.271280 39 47
28187301 58.517215 31.270463 26 43
28187302 58.517702 31.270623 43 36
28187303 58.521020 31.267965 29 15
28187305 58.523940 31.270158 35 58
28187306 58.524592 31.271211 112 65
28187307 58.524045 31.269333 35 50
28187308 58.525045 31.272072 74 111
28187315 58.521543 31.269328 11 15
28187316 58.521408 31.269554 18 15
28187317 58.521357 31.270145 16 18
28187327 58.525000 31.273999 39 34
28189794 58.524581 31.267317 86 70
28189795 58.525386 31.270222 60 51
28189796 58.525315 31.267553 41 26
28189799 58.524625 31.268636 44 74
28190019 58.522237 31.266898 45 62
28190023 58.521228 31.267180 14 29
28190026 58.520120 31.267202 65 46
28190033 58.519350 31.266779 36 67
28190034 58.519241 31.267636 24 38
28190036 58.516979 31.267475 52 56
28190037 58.517651 31.268269 38 32
28190038 58.517194 31.268374 33 34
28248121 58.518321 31.267985 26 39
28248122 58.518029 31.266885 75 61
28248124 58.518533 31.267175 20 24
28248125 58.518683 31.267668 21 24
28248126 58.518755 31.268166 20 22
28248629 58.525568 31.266813 27 41
28258527 58.518473 31.282711 144 43
36736409 58.520876 31.278401 14 16
36808047 58.522259 31.277686 19 17
46828301 58.520235 31.272820 27 21
46828302 58.520914 31.272940 32 19
70417675 58.518755 31.271067 19 18
70417678 58.518458 31.271437 15 14
70417693 58.519161 31.270952 11 13
70417730 58.520883 31.269410 12 12
70417731 58.520376 31.269750 10 8
87823953 58.520771 31.282250 72 26
88199474 58.517422 31.283193 20 27
88199488 58.517314 31.283726 23 36
88201074 58.517069 31.283697 60 79
88369700 58.524101 31.277794 14 10
89458020 58.516864 31.272947 20 19
89458022 58.516865 31.271276 27 24
89458023 58.516739 31.272403 20 19
89458024 58.517218 31.272051 43 52
89458027 58.517598 31.269722 13 13
89461497 58.518002 31.267927 47 57
125494277 58.524524 31.273777 15 15
125494279 58.524381 31.274075 12 12
125496517 58.524908 31.281107 26 15
125496519 58.521999 31.275149 15 17
235917263 58.523791 31.274617 15 15
252586715 58.518666 31.273816 45 54
252586716 58.522991 31.277955 45 49
252586717 58.520625 31.272641 85 18
252586718 58.522055 31.273986 211 153
252586719 58.523192 31.276288 31 79
252586720 58.520471 31.277036 465 161
252586721 58.519241 31.273042 52 25
252586722 58.519853 31.272710 57 11
252586723 58.518403 31.274956 12 58
271461272 58.524114 31.270644 15 15
303311935 58.518762 31.269178 79 31
303311936 58.518353 31.269347 19 13
303311937 58.518048 31.269157 58 32
305219341 58.524190 31.270046 13 23
305219343 58.525480 31.269188 11 11
314687860 58.521214 31.270026 9 9
333015314 58.517358 31.267036 39 25
363101894 58.517170 31.275211 13 18
391748491 58.521802 31.271760 9 11
407507264 58.523443 31.273403 15 15
407511575 58.524116 31.277173 22 8
407701274 58.521485 31.270158 8 11
409519158 58.524513 31.269584 37 26
409519159 58.524486 31.269317 10 14
461627801 58.522536 31.276194 17 20
481070627 58.524253 31.268195 5 7
483153302 58.524190 31.268488 6 8
510108554 58.520881 31.270454 55 5
549149081 58.517179 31.271157 23 19
603990720 58.517357 31.271690 74 94
654493503 58.522489 31.277124 19 19
654493521 58.520287 31.275186 14 17
654493528 58.520158 31.275885 11 10
654493529 58.520324 31.276066 12 12
654493530 58.520186 31.276379 8 7
654493538 58.520163 31.273067 4 4
707198220 58.521694 31.267079 18 12
713289003 58.516891 31.270701 18 27
730783074 58.518903 31.267541 22 39
797583315 58.516727 31.267794 4 3
975400153 58.524161 31.268683 7 7
1169726185 58.521011 31.278151 6 8
