993
161754 58.523128 31.268590 109 82
163427 58.526044 31.274966 99 111
1304243 58.523269 31.286111 121 145
1307397 58.516389 31.284405 102 73
2907865 58.518567 31.265168 17 16
2907866 58.517996 31.265334 99 43
2907867 58.517488 31.263521 65 57
2907868 58.517501 31.264796 14 48
2922183 58.529556 31.290959 19 14
4091273 58.529590 31.270649 131 61
4091275 58.528964 31.270615 30 35
6819021 58.522688 31.275079 26 26
6819022 58.522749 31.275405 11 11
6819023 58.522867 31.275390 28 27
6819024 58.522404 31.274627 51 45
6819026 58.522707 31.275576 19 19
6819027 58.522671 31.275875 30 33
6819028 58.522777 31.276330 36 37
26193759 58.516409 31.268556 58 60
27275126 58.522115 31.276717 52 51
27275134 58.520567 31.274759 90 134
27275214 58.521403 31.277537 37 29
27676490 58.518502 31.274368 19 19
27676491 58.518455 31.275543 20 20
27676492 58.521065 31.272791 19 19
27676493 58.519532 31.272825 19 19
27676494 58.518954 31.273320 20 20
27676495 58.520162 31.272588 16 12
27676496 58.522716 31.278338 17 17
27676498 58.523287 31.276656 16 17
27676499 58.523074 31.275472 16 16
27676501 58.519486 31.275777 16 19
27676503 58.519893 31.275249 31 27
27676504 58.520077 31.274442 28 22
27676505 58.520228 31.273874 33 28
27676506 58.521898 31.274904 66 125
27676507 58.521614 31.276840 39 38
27676510 58.522092 31.276119 24 20
27676513 58.522924 31.277089 92 54
27799141 58.521784 31.269808 31 66
27907980 58.521942 31.277687 37 44
28187295 58.519543 31.268504 69 84
28187297 58.520317 31.268344 101 54
28187298 58.521887 31.268482 126 73
28187300 58.517515 31.271280 39 47
28187301 58.517215 31.270463 26 43
28187302 58.517702 31.270623 43 36
28187303 58.521020 31.267965 29 15
28187305 58.523940 31.270158 35 58
28187306 58.524592 31.271211 112 65
28187307 58.524045 31.269333 35 50
28187308 58.525045 31.272072 74 111
28187310 58.525634 31.273476 80 42
28187312 58.525901 31.276556 75 62
28187313 58.525996 31.277783 89 89
28187314 58.525843 31.279258 30 47
28187315 58.521543 31.269328 11 15
28187316 58.521408 31.269554 18 15
28187317 58.521357 31.270145 16 18
28187327 58.525000 31.273999 39 34
28189794 58.524581 31.267317 86 70
28189795 58.525386 31.270222 60 51
28189796 58.525315 31.267553 41 26
28189797 58.525716 31.268247 45 55
28189798 58.525942 31.269354 53 62
28189799 58.524625 31.268636 44 74
28189800 58.525662 31.270845 57 50
28189801 58.526213 31.270044 67 46
28189802 58.526339 31.273096 61 43
28189805 58.526699 31.270837 43 54
28189806 58.525983 31.271896 27 28
28189807 58.526870 31.273672 72 37
28189808 58.527064 31.274625 16 41
28189809 58.527023 31.275484 13 37
28189810 58.526973 31.276644 44 45
28189811 58.526945 31.277526 51 35
28189812 58.527006 31.278555 12 46
28189813 58.526625 31.279464 96 14
28189814 58.526310 31.278426 56 13
28189815 58.526353 31.277832 29 12
28190017 58.526402 31.281459 40 23
28190018 58.526355 31.274000 24 20
28190019 58.522237 31.266898 45 62
28190020 58.522680 31.265887 31 55
28190021 58.522202 31.265123 79 41
28190022 58.521961 31.265885 60 35
28190023 58.521228 31.267180 14 29
28190025 58.520793 31.266666 14 29
28190026 58.520120 31.267202 65 46
28190027 58.520917 31.265236 59 71
28190028 58.519970 31.265058 60 34
28190029 58.520143 31.265947 47 28
28190030 58.519625 31.266132 28 47
28190031 58.520460 31.265949 23 19
28190032 58.519556 31.265497 24 20
28190033 58.519350 31.266779 36 67
28190034 58.519241 31.267636 24 38
28190035 58.519043 31.265786 38 24
28190036 58.516979 31.267475 52 56
28190037 58.517651 31.268269 38 32
28190038 58.517194 31.268374 33 34
28190145 58.523954 31.265619 120 48
28190146 58.523365 31.264911 32 51
28190367 58.528695 31.274337 27 58
28190368 58.528774 31.275579 12 41
28190370 58.528522 31.272842 34 39
28190372 58.527532 31.275338 29 82
28190373 58.527850 31.275704 23 43
28190374 58.528510 31.276706 70 62
28190375 58.528023 31.276831 23 19
28190376 58.527555 31.277083 27 26
28190469 58.527484 31.271811 80 73
28190470 58.528199 31.271738 55 31
28190471 58.528610 31.271126 46 60
28213740 58.528230 31.270469 26 30
28213741 58.528143 31.269661 36 46
28213743 58.526710 31.269358 39 33
28213744 58.527504 31.270630 30 36
28213745 58.527040 31.270799 29 36
28213747 58.526757 31.270012 29 36
28213748 58.527480 31.268942 26 28
28213750 58.528496 31.269215 41 53
28213751 58.528132 31.268158 48 64
28213752 58.529052 31.269315 53 41
28213754 58.528709 31.268330 53 41
28213755 58.528691 31.267291 66 51
28213756 58.528442 31.266782 117 93
28213757 58.529343 31.268126 39 45
28213758 58.529747 31.269576 46 49
28213765 58.529998 31.266368 71 60
28213766 58.529671 31.265912 72 60
28213767 58.529320 31.265411 62 53
28213768 58.529460 31.266965 46 60
28214067 58.529391 31.271697 66 35
28214070 58.529110 31.272651 16 55
28214073 58.529577 31.272987 61 18
28214075 58.529610 31.273909 112 84
28214076 58.529698 31.275487 52 74
28214525 58.530011 31.272240 28 13
28214526 58.529240 31.276937 44 18
28214531 58.529737 31.276866 49 36
28247555 58.514083 31.269733 58 53
28247563 58.514551 31.272869 52 41
28247564 58.515298 31.268248 106 47
28247565 58.515961 31.266842 64 75
28247566 58.515893 31.267853 50 59
28247569 58.514467 31.267259 44 87
28247594 58.515407 31.266989 31 27
28247595 58.515403 31.266169 55 26
28247596 58.515321 31.265544 38 38
28247597 58.515024 31.264899 39 40
28247598 58.516710 31.266571 150 50
28247599 58.516936 31.265611 69 36
28247601 58.516066 31.265449 44 46
28247602 58.516249 31.264838 65 49
28247603 58.515570 31.265056 33 34
28247607 58.515256 31.264383 49 50
28247608 58.516215 31.263883 133 28
28247609 58.517115 31.264922 31 21
28247615 58.518276 31.264338 26 55
28247617 58.518911 31.265133 31 21
28247619 58.518882 31.264449 26 44
28247620 58.518586 31.263341 30 35
28247621 58.517665 31.264300 14 16
28248118 58.518525 31.266346 53 58
28248121 58.518321 31.267985 26 39
28248122 58.518029 31.266885 75 61
28248124 58.518533 31.267175 20 24
28248125 58.518683 31.267668 21 24
28248126 58.518755 31.268166 20 22
28248127 58.519081 31.263358 39 74
28248128 58.519254 31.262064 99 48
28248129 58.520022 31.262178 39 72
28248136 58.519493 31.263776 22 21
28248138 58.519537 31.264628 37 39
28248143 58.520140 31.263956 24 21
28248144 58.520295 31.263372 24 20
28248145 58.520626 31.263387 26 24
28248148 58.520751 31.261995 87 55
28248149 58.521336 31.262212 25 54
28248150 58.521157 31.263075 43 45
28248151 58.521766 31.263364 11 14
28248152 58.522416 31.264534 74 39
28248155 58.522009 31.263844 27 39
28248156 58.522252 31.262747 41 74
28248157 58.523138 31.262167 106 59
28248159 58.523003 31.264284 39 74
28248160 58.523208 31.263270 22 31
28248620 58.523588 31.263737 37 67
28248621 58.524534 31.264462 43 69
28248622 58.523866 31.262524 45 60
28248623 58.524791 31.263180 32 60
28248624 58.524347 31.262837 38 49
28248625 58.524976 31.264806 34 54
28248626 58.525233 31.263599 38 56
28248627 58.524729 31.266020 35 58
28248628 58.525105 31.266680 58 36
28248629 58.525568 31.266813 27 41
28248634 58.526070 31.266402 78 35
28248643 58.526050 31.265624 69 34
28248644 58.526158 31.264920 71 35
28248646 58.526668 31.265543 34 42
28248649 58.526933 31.266301 31 39
28248650 58.527121 31.266861 31 39
28248657 58.527056 31.267687 53 43
28248659 58.526461 31.268708 59 40
28248660 58.526441 31.267630 37 41
28248663 58.525494 31.264454 28 40
28248672 58.525248 31.265639 29 42
28248673 58.525684 31.263592 42 29
28248682 58.526081 31.264036 33 37
28248683 58.525947 31.263141 21 27
28258166 58.527651 31.265269 85 141
28258167 58.528107 31.264070 80 31
28258168 58.527438 31.263817 29 18
28258169 58.527386 31.278027 12 30
28258170 58.527371 31.278851 12 29
28258171 58.527449 31.279726 49 30
28258172 58.527706 31.279133 17 35
28258173 58.527702 31.277826 32 12
28258174 58.528038 31.278621 12 29
28258175 58.528522 31.279859 59 18
28258176 58.528738 31.279024 12 29
28258177 58.528666 31.277720 22 22
28258178 58.528736 31.278461 11 17
28258179 58.529041 31.279021 14 33
28258180 58.529064 31.278224 14 35
28258181 58.529222 31.279788 61 18
28258182 58.529775 31.279847 17 12
28258186 58.530048 31.278665 16 35
28258187 58.529550 31.278786 8 17
28258188 58.529529 31.277554 36 13
28258189 58.529968 31.277574 37 14
28258195 58.529745 31.281883 68 87
28258198 58.527969 31.282893 69 20
28258199 58.528696 31.280512 24 15
28258200 58.528568 31.282315 12 17
28258201 58.528770 31.282725 12 17
28258202 58.528403 31.281419 27 58
28258203 58.526899 31.281365 43 41
28258527 58.518473 31.282711 144 43
28258528 58.519755 31.286077 23 27
28258529 58.519358 31.286651 18 18
28258530 58.518468 31.286108 27 26
28258532 58.517421 31.285071 15 16
28258535 58.517536 31.284487 25 28
28266246 58.516936 31.284488 22 16
28266248 58.521385 31.283959 87 42
28266250 58.520942 31.284290 25 39
28266251 58.521203 31.285158 51 29
28266254 58.520583 31.285250 30 24
28266257 58.519940 31.284754 24 30
28266259 58.520920 31.286124 16 15
28266260 58.521237 31.286410 19 24
28266262 58.520265 31.287430 37 31
28266264 58.520788 31.287390 57 36
28266267 58.521356 31.288294 52 52
28266272 58.521456 31.287205 21 25
28266273 58.521731 31.285602 21 31
28266274 58.521816 31.285101 15 23
28266275 58.522091 31.284530 39 28
28268104 58.529968 31.273560 16 39
28268105 58.524412 31.259636 91 45
28268110 58.523939 31.258511 30 49
28268112 58.525543 31.260509 110 75
28268114 58.526416 31.260304 34 63
28268118 58.525450 31.259174 36 57
28268119 58.526292 31.259141 74 40
28268120 58.526462 31.258416 73 40
28268131 58.524882 31.258772 35 67
28268149 58.522878 31.259612 74 82
28268150 58.522274 31.258574 58 67
28268182 58.527275 31.258557 73 26
28268183 58.527836 31.258182 30 16
28268186 58.528485 31.258181 64 22
28282983 58.528000 31.259356 46 17
28282985 58.528732 31.260217 22 69
28282987 58.528419 31.259248 30 17
28282994 58.529061 31.259058 30 17
28282995 58.529372 31.258962 21 16
28282997 58.529678 31.258973 25 28
28282999 58.529003 31.259558 17 24
28283001 58.529562 31.260741 66 55
28283003 58.529389 31.259975 24 23
28283004 58.529110 31.260169 23 20
28283006 58.530035 31.261503 34 29
30051934 58.521832 31.292108 33 24
30051936 58.520527 31.291722 17 20
30051938 58.520413 31.292280 20 29
30051939 58.521107 31.291759 50 31
30051940 58.520654 31.291281 18 16
30051968 58.519128 31.289150 24 25
30051969 58.521319 31.289915 21 25
30051972 58.520235 31.289057 20 22
30051973 58.518769 31.289312 20 20
30051974 58.517541 31.287122 28 20
30051975 58.518210 31.287939 40 25
30051976 58.522702 31.291196 23 33
30051977 58.522520 31.291809 41 35
30051978 58.522124 31.291648 25 21
30051979 58.521832 31.291445 25 22
30051980 58.519142 31.289593 18 16
30051981 58.519936 31.290138 18 16
30051982 58.520433 31.290482 21 20
30051984 58.520929 31.289744 16 18
30051986 58.522841 31.290359 25 32
30051987 58.521729 31.289477 40 26
30051990 58.520835 31.290210 17 20
30051991 58.520834 31.290770 36 23
30051995 58.517906 31.288734 46 29
30051997 58.520656 31.288882 44 45
30051998 58.521130 31.289142 42 30
30051999 58.519533 31.288182 25 43
30052001 58.518131 31.287102 22 41
30052002 58.518680 31.287671 40 72
30052003 58.517328 31.286415 48 32
30052004 58.517947 31.286799 30 20
30052005 58.517006 31.287418 25 39
30052008 58.518439 31.288889 55 52
30052009 58.517121 31.286783 20 30
30052014 58.516718 31.286900 36 66
30052015 58.516561 31.287728 26 25
30052016 58.516134 31.285718 28 28
30052017 58.516833 31.286057 38 24
30212324 58.520076 31.292286 17 22
30212325 58.520165 31.291840 17 22
30212326 58.520231 31.291150 35 40
30212327 58.518922 31.289994 34 24
30212328 58.519297 31.290258 39 26
30212329 58.519655 31.290517 37 25
30212330 58.519935 31.290722 27 24
30212331 58.518594 31.290156 18 16
30212332 58.518394 31.291161 22 36
30212333 58.518307 31.291895 27 21
30212334 58.518595 31.292115 25 18
30212335 58.518867 31.292308 18 16
30212336 58.519207 31.291456 29 20
30212337 58.518973 31.290881 18 16
30212338 58.519713 31.291070 18 17
30212341 58.517448 31.291282 49 30
30212342 58.517910 31.291600 28 23
30212343 58.516520 31.290525 43 51
30212344 58.516776 31.288635 19 29
30212345 58.516671 31.289646 22 18
30212346 58.517137 31.288787 18 16
30212347 58.517426 31.288976 18 16
30212348 58.517726 31.289205 25 21
30212349 58.518056 31.289462 18 16
30212351 58.518322 31.289766 21 38
30212352 58.518225 31.290306 16 18
30212353 58.518107 31.290918 23 36
30212354 58.517820 31.290097 18 16
30212355 58.517719 31.290624 31 20
30212356 58.516481 31.291280 52 33
30212357 58.516280 31.292186 37 24
30212362 58.517811 31.292262 26 23
30212363 58.517370 31.291909 21 18
30212364 58.516843 31.291562 18 16
30212366 58.514973 31.288642 63 106
30212367 58.515284 31.287536 58 31
30212368 58.516380 31.288263 42 29
30212369 58.516012 31.288006 25 23
30212370 58.515738 31.287811 24 20
30212371 58.516127 31.290290 20 27
30212372 58.516240 31.289658 20 28
30212373 58.516353 31.288975 16 18
30212374 58.513651 31.286827 63 46
30212375 58.514798 31.287099 34 21
30212376 58.514517 31.286914 18 16
30212377 58.514114 31.286693 18 16
30212378 58.514110 31.287281 27 41
30212379 58.513455 31.288436 18 17
30212380 58.513774 31.288685 18 16
30212381 58.514013 31.288866 18 17
30212382 58.516014 31.290986 24 24
30212383 58.515750 31.290747 21 18
30212384 58.515480 31.290582 20 19
30212386 58.514961 31.290230 19 19
30212388 58.515951 31.291465 19 19
30212389 58.515816 31.292105 23 19
30212390 58.512843 31.287317 41 29
30212391 58.512538 31.287528 22 22
30212392 58.512865 31.289199 21 33
30212393 58.512540 31.290617 21 24
30212394 58.514350 31.291878 18 19
30212395 58.514142 31.291280 16 22
30212396 58.514342 31.289797 29 22
30212397 58.513853 31.291473 20 17
30212398 58.514054 31.289535 19 15
30212399 58.513790 31.289355 19 19
30212400 58.513548 31.289138 15 12
30212401 58.513343 31.289002 18 14
30212402 58.512963 31.288746 18 20
30212403 58.512695 31.289870 16 19
30212404 58.513413 31.291177 16 18
30212405 58.513179 31.290882 26 33
30212406 58.512891 31.290826 14 16
30212408 58.514741 31.292177 19 17
30212409 58.514562 31.290614 14 13
30212649 58.523756 31.290990 50 37
30212651 58.524361 31.291312 56 30
30212652 58.525281 31.291949 18 16
30212656 58.523570 31.291647 25 20
30212662 58.523932 31.290056 38 50
30212663 58.524239 31.288635 45 35
30212664 58.524076 31.289289 22 31
30212665 58.524677 31.290720 91 49
30212666 58.525120 31.289924 26 39
30212667 58.524656 31.288833 39 25
30212668 58.525166 31.289198 56 30
30212669 58.525372 31.291184 32 35
30214730 58.524913 31.288163 96 46
30214731 58.525592 31.287524 101 49
30214732 58.526403 31.289110 101 45
30214733 58.527110 31.288610 99 48
30214735 58.525775 31.288579 32 55
30214736 58.527279 31.289666 32 56
30214737 58.528624 31.289719 101 49
30214738 58.526322 31.288262 19 27
30214739 58.524830 31.287185 20 27
30214740 58.526999 31.291081 27 44
30214741 58.526751 31.290299 50 28
30214742 58.526095 31.289988 42 38
30214743 58.525787 31.291479 38 42
30214744 58.526269 31.291913 42 28
30214745 58.526769 31.292229 24 24
30214746 58.526886 31.291815 18 24
30214747 58.526181 31.290946 19 23
30214748 58.525655 31.292412 66 51
30215268 58.527183 31.292451 42 49
30215269 58.527474 31.291296 68 56
30215270 58.528172 31.291375 58 34
30215271 58.528479 31.292295 26 39
30215272 58.528646 31.291719 22 23
30215274 58.528115 31.290455 93 45
30215276 58.528669 31.291073 37 25
30215277 58.527822 31.289381 19 28
30215278 58.527558 31.290311 23 24
30215279 58.529353 31.290567 57 36
30215287 58.528931 31.291940 23 28
35692496 58.516250 31.286062 23 28
36357145 58.523481 31.290660 7 10
36357146 58.523605 31.290075 7 10
36357147 58.523336 31.289847 7 10
36357148 58.523200 31.290538 8 11
36736409 58.520876 31.278401 14 16
36808047 58.522259 31.277686 19 17
41172915 58.512545 31.269316 19 19
46828301 58.520235 31.272820 27 21
46828302 58.520914 31.272940 32 19
46843023 58.523290 31.287516 16 26
46868654 58.526223 31.282122 28 26
46868655 58.527309 31.282188 13 47
46868846 58.527917 31.270103 31 37
46868847 58.526550 31.275294 19 74
46868849 58.528228 31.277742 17 18
46868850 58.528365 31.278670 11 17
46868852 58.529996 31.281020 18 18
46869166 58.518712 31.258852 26 50
46869171 58.519548 31.259688 43 26
46869172 58.519421 31.258655 46 40
46869173 58.520595 31.259038 78 62
46869174 58.515584 31.273370 19 20
46869175 58.516102 31.273696 18 22
46869653 58.513509 31.287836 30 43
46869742 58.512631 31.288477 31 27
46882491 58.530035 31.259055 41 54
46882919 58.527544 31.260671 97 63
46885653 58.519757 31.288555 38 58
46885654 58.524316 31.287966 16 18
46885658 58.519777 31.291904 32 45
46885662 58.525687 31.289567 39 23
67693642 58.514855 31.285752 87 58
67693812 58.515494 31.284394 23 30
70417675 58.518755 31.271067 19 18
70417678 58.518458 31.271437 15 14
70417693 58.519161 31.270952 11 13
70417730 58.520883 31.269410 12 12
70417731 58.520376 31.269750 10 8
79027574 58.523362 31.291182 17 35
87221290 58.524675 31.292222 43 37
87807855 58.522804 31.288672 158 137
87816643 58.522154 31.286404 43 30
87816645 58.522515 31.285952 36 119
87823953 58.520771 31.282250 72 26
87823967 58.517951 31.284589 30 21
87826968 58.522120 31.285148 20 33
87826969 58.521513 31.286709 21 29
87826970 58.522267 31.286039 15 26
87826972 58.521928 31.284860 14 11
87826973 58.521767 31.286120 41 25
88021538 58.522516 31.287639 29 52
88021541 58.522665 31.287980 8 15
88021543 58.522746 31.288401 35 27
88027348 58.522062 31.287905 38 47
88027349 58.522388 31.288252 21 17
88027350 58.522255 31.287237 30 32
88027351 58.522207 31.288122 18 26
88027352 58.522284 31.287810 11 13
88028203 58.521858 31.287325 48 61
88033954 58.521793 31.288102 12 9
88041739 58.521373 31.287700 32 29
88042951 58.521643 31.288652 23 22
88053504 58.521287 31.284757 14 20
88053510 58.520439 31.284084 54 38
88053520 58.521152 31.284576 11 14
88171084 58.520736 31.286071 30 32
88171085 58.521085 31.286295 18 20
88171086 58.520263 31.285926 37 47
88171087 58.520539 31.285841 14 15
88173402 58.520422 31.286305 11 8
88173403 58.520129 31.286906 63 67
88178137 58.517785 31.285232 24 42
88178956 58.518234 31.285513 21 21
88180448 58.518991 31.286391 10 9
88180449 58.518327 31.286384 9 10
88199474 58.517422 31.283193 20 27
88199480 58.517177 31.284214 32 42
88199485 58.517141 31.284737 20 30
88199488 58.517314 31.283726 23 36
88199490 58.516898 31.284870 35 22
88199495 58.517019 31.285254 38 36
88201074 58.517069 31.283697 60 79
88206985 58.515347 31.284517 19 21
88206987 58.514753 31.286410 14 13
88206990 58.514365 31.286160 18 18
88268384 58.517920 31.288095 61 31
88268386 58.514308 31.286785 23 19
88268390 58.516171 31.287055 47 67
88268396 58.517419 31.290827 37 24
88268397 58.514720 31.287990 16 14
88268402 58.514624 31.288600 17 18
88268412 58.515317 31.286929 17 12
88268414 58.517593 31.289787 19 23
88268416 58.514544 31.288979 17 19
88268419 58.515491 31.286574 16 14
88268425 58.515386 31.286316 30 34
88268427 58.515882 31.286559 19 17
88268430 58.515368 31.291551 23 37
88268438 58.515534 31.287092 14 9
88268450 58.515363 31.288347 27 28
88268451 58.515668 31.286763 19 17
88328011 58.522392 31.290185 32 36
88328012 58.522462 31.291192 14 20
88331569 58.521194 31.289440 19 13
88331570 58.521799 31.289899 13 20
88331572 58.522118 31.289934 11 13
88331573 58.521013 31.290265 6 7
88331574 58.521833 31.290824 9 10
88331575 58.522139 31.290879 52 34
88331576 58.521644 31.290296 54 26
88331577 58.522137 31.291089 51 21
88334577 58.521548 31.290905 32 32
88360114 58.521553 31.291893 16 17
88360119 58.520805 31.292272 20 33
88360120 58.520927 31.292388 13 25
88360121 58.520792 31.291535 13 21
88369700 58.524101 31.277794 14 10
88493330 58.520533 31.289804 34 29
88493331 58.519894 31.289687 10 12
88493332 58.520261 31.289654 33 36
88493333 58.520148 31.288460 38 28
88493334 58.520622 31.289402 14 14
88493335 58.518808 31.289076 15 10
88493336 58.520019 31.289012 23 31
88493745 58.518910 31.288762 37 43
88494290 58.519252 31.287913 58 54
88494291 58.519004 31.288167 29 39
89454991 58.516408 31.261045 20 15
89454999 58.519690 31.258723 14 16
89455006 58.519077 31.258933 28 24
89455009 58.517652 31.259353 30 21
89455017 58.517966 31.259353 27 37
89455035 58.520108 31.258435 19 23
89455050 58.519910 31.258590 14 16
89455063 58.518434 31.259721 18 23
89455069 58.515711 31.260662 28 36
89455090 58.519561 31.259246 22 25
89455101 58.517384 31.258468 92 81
89455103 58.518352 31.259236 18 20
89458020 58.516864 31.272947 20 19
89458021 58.515525 31.269198 18 17
89458022 58.516865 31.271276 27 24
89458023 58.516739 31.272403 20 19
89458024 58.517218 31.272051 43 52
89458025 58.514699 31.269550 42 30
89458027 58.517598 31.269722 13 13
89458029 58.515162 31.269564 23 19
89458034 58.514410 31.268776 19 17
89458036 58.513461 31.269261 27 28
89458037 58.516600 31.273219 17 19
89458041 58.515860 31.269366 17 18
89458042 58.514662 31.268673 20 20
89461497 58.518002 31.267927 47 57
92054458 58.524418 31.287681 23 18
92054478 58.524447 31.287438 15 15
92484420 58.525665 31.259519 49 76
92484453 58.526771 31.263857 88 71
99452212 58.526499 31.290997 26 43
107728033 58.527856 31.289946 9 11
108147821 58.529258 31.291045 42 28
108238330 58.529910 31.291284 76 95
108493021 58.529789 31.262394 195 82
109226174 58.529743 31.292423 11 15
123243537 58.525333 31.288147 15 13
123243538 58.525228 31.288044 17 16
124251679 58.526515 31.276799 36 14
124403499 58.526998 31.259894 29 56
124403516 58.526874 31.261376 52 35
125494121 58.526684 31.278057 20 19
125494276 58.526756 31.274748 7 31
125494277 58.524524 31.273777 15 15
125494278 58.526749 31.275570 7 46
125494279 58.524381 31.274075 12 12
125495330 58.527745 31.270239 17 18
125495331 58.526336 31.271471 44 50
125495646 58.528760 31.272355 28 17
125496338 58.528776 31.280915 9 15
125496339 58.528400 31.277849 16 19
125496340 58.528028 31.277835 14 14
125496341 58.528187 31.274405 38 15
125496342 58.528141 31.275606 18 18
125496343 58.528510 31.275662 23 26
125496344 58.528150 31.276194 18 26
125496517 58.524908 31.281107 26 15
125496519 58.521999 31.275149 15 17
125499424 58.514653 31.264598 27 26
125499425 58.516931 31.264646 16 25
125499428 58.519804 31.263012 32 42
125499429 58.514693 31.266218 33 26
125499430 58.522753 31.263232 25 41
125499432 58.514491 31.265049 27 29
125499433 58.516888 31.264191 15 27
125499675 58.526589 31.266836 37 29
125499947 58.521775 31.259354 12 17
125499950 58.518738 31.260004 38 18
125499952 58.519128 31.259853 38 19
125499953 58.518118 31.260001 11 14
125499954 58.521418 31.259618 59 36
169614270 58.527124 31.269391 65 50
169614445 58.527582 31.269720 63 46
174792005 58.529776 31.279484 31 16
179658560 58.529867 31.267841 33 37
182896174 58.516681 31.289165 18 22
182896175 58.516247 31.291630 19 21
182896176 58.516461 31.287088 21 40
198188166 58.514846 31.287540 13 17
198188169 58.514105 31.287950 8 6
198188170 58.514701 31.287451 15 14
198188171 58.513887 31.288137 6 7
198188172 58.514472 31.288067 11 10
198188173 58.513843 31.288115 6 8
198379376 58.515572 31.289984 22 17
198379377 58.515834 31.290131 13 17
198379381 58.515408 31.288905 22 28
198379382 58.516085 31.289523 18 34
198379383 58.515863 31.289186 26 16
198379384 58.515686 31.289701 13 12
207311353 58.524587 31.258634 20 37
208561703 58.521779 31.259772 18 12
208561707 58.522416 31.259399 11 10
208561713 58.522145 31.259504 11 13
209300583 58.529991 31.260533 33 37
209301135 58.517236 31.264091 18 31
209301137 58.517978 31.263584 16 21
211017852 58.517687 31.286613 36 22
211017853 58.518231 31.287239 24 38
211017854 58.518394 31.287316 36 42
211017855 58.517951 31.287722 26 17
211017864 58.518481 31.287872 19 13
235917263 58.523791 31.274617 15 15
235917611 58.527530 31.281063 64 13
238469367 58.527132 31.270081 27 25
242080858 58.527521 31.281610 3 2
252586715 58.518666 31.273816 45 54
252586716 58.522991 31.277955 45 49
252586717 58.520625 31.272641 85 18
252586718 58.522055 31.273986 211 153
252586719 58.523192 31.276288 31 79
252586720 58.520471 31.277036 465 161
252586721 58.519241 31.273042 52 25
252586722 58.519853 31.272710 57 11
252586723 58.518403 31.274956 12 58
261287250 58.529543 31.268862 41 27
261307981 58.529795 31.268097 9 9
265059573 58.520483 31.264853 36 37
271154823 58.526222 31.261010 34 25
271461272 58.524114 31.270644 15 15
279025335 58.514204 31.290787 19 22
279025340 58.512419 31.291296 21 31
279025342 58.513670 31.291387 15 14
279025343 58.513306 31.291806 29 20
279025379 58.512166 31.287819 9 10
279025399 58.513785 31.290940 12 13
279025400 58.512355 31.287790 18 12
279025401 58.514683 31.291116 17 19
279025403 58.513547 31.291976 10 13
279025411 58.513959 31.292297 14 19
279025412 58.512972 31.291608 17 20
279025428 58.512727 31.292163 18 19
279025442 58.512678 31.291707 14 18
279025459 58.515158 31.291163 12 15
279025471 58.513022 31.292085 15 16
279025514 58.512144 31.292288 17 14
279025524 58.512244 31.291793 18 19
279025526 58.513665 31.292260 18 20
279025528 58.514939 31.291025 12 14
279025529 58.512325 31.287636 5 5
279025530 58.514034 31.291648 18 13
303311935 58.518762 31.269178 79 31
303311936 58.518353 31.269347 19 13
303311937 58.518048 31.269157 58 32
304761009 58.529226 31.267487 16 16
305219341 58.524190 31.270046 13 23
305219343 58.525480 31.269188 11 11
306100203 58.515848 31.258167 13 20
306527052 58.528795 31.270125 30 36
314687860 58.521214 31.270026 9 9
322186900 58.521617 31.265099 52 67
328196519 58.526841 31.279013 7 10
333015314 58.517358 31.267036 39 25
359738402 58.522306 31.259688 9 8
360107662 58.527228 31.261599 35 26
360108627 58.527778 31.261324 33 21
360110027 58.528234 31.261717 81 29
360110513 58.528349 31.260256 36 35
360111813 58.528668 31.262080 25 55
360113574 58.527500 31.261629 23 18
360120965 58.528005 31.259902 14 11
360587246 58.525701 31.264728 31 53
361929840 58.523910 31.259144 24 32
363008885 58.518156 31.284680 22 16
363101860 58.513913 31.270087 84 82
363101894 58.517170 31.275211 13 18
363101895 58.513675 31.268863 19 19
363101896 58.513513 31.269527 15 15
363101897 58.514044 31.270776 24 22
363101898 58.513545 31.269861 22 24
363134521 58.521512 31.258888 15 16
363136362 58.521604 31.258382 9 16
367391120 58.515220 31.268990 16 17
367392309 58.514305 31.268343 16 20
367392449 58.514166 31.268218 15 14
367392532 58.514002 31.268059 14 14
367393934 58.513721 31.268066 22 19
367395870 58.514928 31.268771 13 13
367462094 58.513963 31.267382 18 19
380993417 58.516469 31.258365 16 16
391748491 58.521802 31.271760 9 11
392928752 58.517309 31.264574 10 10
407507264 58.523443 31.273403 15 15
407511575 58.524116 31.277173 22 8
407701274 58.521485 31.270158 8 11
409519158 58.524513 31.269584 37 26
409519159 58.524486 31.269317 10 14
422826234 58.512569 31.266446 20 21
438289835 58.528686 31.264845 43 43
441133018 58.528282 31.268727 8 8
456446718 58.521391 31.258467 15 14
456446719 58.521127 31.259286 14 15
456446720 58.521298 31.259170 15 17
456446721 58.521213 31.258642 17 19
456446722 58.521017 31.258778 13 14
456446723 58.520999 31.258368 19 15
456446724 58.521166 31.258182 17 21
461627801 58.522536 31.276194 17 20
464721719 58.521596 31.266060 12 13
481070627 58.524253 31.268195 5 7
481077613 58.522300 31.258445 58 36
483153302 58.524190 31.268488 6 8
495999371 58.529998 31.268356 30 30
499846821 58.528600 31.264547 41 46
501239544 58.516527 31.291886 10 11
501239545 58.515231 31.290361 22 17
501239547 58.514230 31.289068 13 12
501239548 58.513620 31.288558 16 16
501242842 58.512537 31.258870 17 17
501242843 58.512415 31.258607 18 18
501242844 58.512351 31.258211 20 20
501242913 58.514542 31.259148 14 12
501242914 58.514122 31.259162 14 14
501242915 58.513698 31.259051 19 18
501242917 58.514527 31.258179 12 13
501242920 58.515027 31.258337 13 12
501242921 58.515715 31.258287 11 10
501242922 58.515581 31.258332 11 17
501242923 58.515603 31.258922 20 15
501242925 58.515421 31.258306 15 15
501242926 58.515158 31.258670 12 12
501242929 58.515804 31.258801 13 15
501242930 58.516183 31.259223 12 14
501242931 58.516349 31.259185 13 14
501242932 58.516753 31.260196 17 13
501242933 58.516566 31.260879 11 12
501242934 58.516247 31.261136 16 12
501242935 58.516189 31.260425 18 17
501242936 58.516128 31.259781 17 17
501242937 58.515829 31.259860 15 18
501242938 58.516358 31.260311 12 15
501242939 58.516709 31.259951 17 13
501242940 58.516014 31.260486 13 13
501242941 58.515546 31.260151 19 19
501242942 58.515898 31.259435 16 15
501247833 58.514070 31.258712 14 12
501247834 58.515119 31.260659 14 13
501247835 58.515026 31.260300 14 14
501247836 58.514786 31.260569 11 10
501247837 58.514736 31.259605 15 13
501247838 58.514877 31.259962 16 15
501247839 58.514500 31.259804 13 12
501247840 58.514661 31.260223 11 10
501247841 58.514970 31.261037 14 14
501247842 58.514464 31.261063 13 14
501247843 58.514683 31.261359 18 19
501247844 58.515090 31.261683 19 18
501247871 58.512213 31.264885 12 12
501247874 58.512439 31.263289 12 12
501247875 58.512599 31.263604 12 12
501247876 58.512791 31.263168 15 14
501247921 58.512301 31.265997 14 14
501247924 58.512190 31.267299 14 14
501247925 58.512461 31.266216 14 14
501247926 58.513525 31.264031 18 18
501247927 58.513190 31.263867 16 15
501247928 58.513415 31.264410 15 15
501247929 58.513020 31.263406 19 19
501247930 58.512706 31.263964 19 19
501247931 58.513132 31.264678 17 17
501247932 58.513284 31.264879 17 17
501247933 58.513002 31.265214 20 20
501247934 58.512779 31.265863 24 17
501247936 58.512595 31.265243 33 35
501247940 58.512169 31.262804 17 17
501247941 58.512234 31.263170 15 15
501247942 58.512144 31.261856 14 14
501247943 58.512346 31.261931 12 12
501247945 58.512620 31.261006 14 14
501247946 58.512975 31.261760 11 11
501247947 58.512849 31.261481 15 15
501247948 58.512521 31.262601 16 16
501247949 58.513110 31.262020 14 14
501247950 58.513571 31.262071 32 33
501247951 58.513357 31.262488 13 13
501247952 58.513801 31.263536 16 16
501247953 58.513512 31.263440 19 19
501247954 58.513504 31.262843 16 16
501247955 58.513934 31.262769 30 30
501247956 58.513352 31.261547 17 16
501247957 58.513145 31.261234 28 27
501247958 58.513985 31.261768 16 16
501247959 58.514047 31.261041 21 20
501247960 58.513549 31.260861 17 17
501247961 58.513718 31.261154 21 21
501247962 58.513699 31.259976 15 14
501247963 58.513232 31.259352 10 11
501247964 58.513187 31.260097 15 15
501247965 58.513436 31.259315 14 14
501247966 58.512789 31.260379 16 16
501247967 58.512967 31.259613 12 11
501247968 58.513828 31.260488 16 16
501247969 58.513605 31.259703 14 14
501247973 58.512165 31.260850 11 11
501247974 58.512415 31.260747 16 16
502333454 58.527808 31.266099 53 61
502334584 58.527549 31.264954 53 72
502334935 58.527584 31.264425 32 31
509620710 58.517463 31.259475 20 18
510108554 58.520881 31.270454 55 5
511701676 58.524139 31.264812 14 14
530492310 58.529760 31.281771 44 30
530492312 58.529971 31.282007 12 11
530492313 58.529534 31.282023 14 14
530492314 58.529758 31.282041 36 23
530494960 58.529763 31.274939 4 6
530495048 58.529601 31.276369 7 13
543176104 58.525637 31.277339 4 17
547164418 58.526627 31.274240 14 20
549149081 58.517179 31.271157 23 19
600433467 58.525742 31.276447 29 56
600434936 58.526116 31.276704 46 25
600543423 58.525829 31.278018 23 89
600543424 58.526245 31.277436 67 16
603990720 58.517357 31.271690 74 94
603993398 58.516624 31.270954 8 9
604042312 58.515897 31.261321 13 16
626619822 58.522680 31.259635 21 21
647486281 58.512583 31.259986 14 14
647487730 58.512897 31.260578 14 14
647641570 58.513310 31.260364 13 14
654493503 58.522489 31.277124 19 19
654493521 58.520287 31.275186 14 17
654493528 58.520158 31.275885 11 10
654493529 58.520324 31.276066 12 12
654493530 58.520186 31.276379 8 7
654493538 58.520163 31.273067 4 4
654763009 58.515023 31.270055 23 23
654763793 58.514888 31.270738 18 18
654774524 58.515636 31.270559 13 14
658550641 58.515840 31.272232 16 15
658551302 58.516555 31.270221 13 13
658552239 58.516267 31.271711 9 10
659000480 58.516220 31.270685 9 10
659000704 58.516409 31.270973 9 9
659000820 58.516338 31.271335 8 9
659001078 58.516128 31.271161 9 9
659001202 58.515940 31.271998 9 10
659001345 58.516207 31.272000 8 9
659007035 58.514754 31.269996 12 14
659011192 58.514513 31.271357 12 13
659118849 58.513090 31.258318 9 10
661175989 58.516346 31.274008 52 43
682384082 58.520248 31.288513 15 21
682384434 58.520098 31.288433 28 26
691664265 58.521208 31.290763 32 35
697798821 58.512739 31.261311 12 12
697799811 58.512167 31.260327 13 13
699667647 58.513951 31.259847 14 14
699667739 58.514097 31.260188 13 12
704454145 58.528140 31.280434 51 12
704454146 58.527609 31.280412 68 13
704585568 58.512394 31.266801 40 32
704633414 58.514271 31.262263 19 18
705056289 58.512954 31.264238 17 17
705056290 58.512680 31.262905 16 15
705056291 58.512330 31.262263 15 15
705538527 58.516859 31.259152 18 28
705913203 58.514678 31.290120 17 23
707134554 58.515421 31.259580 14 13
707134555 58.515304 31.259186 16 15
707197429 58.513291 31.268420 13 12
707198220 58.521694 31.267079 18 12
710063368 58.516323 31.287570 18 23
710066721 58.517983 31.289995 11 17
711046988 58.515427 31.261459 16 16
711047466 58.515016 31.259700 15 13
711047627 58.514431 31.259594 14 13
711358033 58.514519 31.262152 27 28
711358250 58.514104 31.262042 13 13
711358585 58.514127 31.261784 11 11
711358762 58.512996 31.260740 14 14
711359223 58.513043 31.259889 14 14
711363036 58.520103 31.259372 14 13
712048422 58.517441 31.290300 14 12
712048424 58.522002 31.290482 11 10
713281860 58.514713 31.270358 10 8
713281943 58.514813 31.271078 11 9
713288994 58.515402 31.269828 13 11
713288995 58.515357 31.270180 11 14
713288996 58.515259 31.270928 11 11
713288997 58.514220 31.271106 11 12
713288998 58.514379 31.270933 10 9
713288999 58.515491 31.271282 14 13
713289000 58.515774 31.269799 16 14
713289001 58.515761 31.271577 10 11
713289002 58.516213 31.269966 14 12
713289003 58.516891 31.270701 18 27
713406065 58.513746 31.267198 11 12
713406067 58.513228 31.262207 13 13
713406069 58.512350 31.266438 11 12
715802738 58.512960 31.269233 16 17
715802739 58.513142 31.269569 15 15
715802740 58.513480 31.268355 14 14
717177318 58.512771 31.258521 21 24
721104777 58.527827 31.271043 12 11
730142779 58.526926 31.267378 25 22
730142780 58.526663 31.267315 9 9
730783074 58.518903 31.267541 22 39
732304062 58.527266 31.268908 20 23
736226984 58.527822 31.273162 110 93
744562607 58.519420 31.258655 25 19
756890609 58.526011 31.258268 9 8
757649127 58.526971 31.272262 53 91
758365143 58.528253 31.282020 8 9
758365349 58.526095 31.280762 6 8
758365350 58.526084 31.281456 5 8
769568930 58.516367 31.275393 17 13
769568932 58.515589 31.270949 14 13
769568933 58.514623 31.270634 14 13
773783825 58.514403 31.258741 12 10
787457813 58.516472 31.260141 13 14
797583315 58.516727 31.267794 4 3
840903293 58.522788 31.264761 13 10
845855360 58.524398 31.286138 5 6
845855361 58.524210 31.285986 5 6
865549972 58.512392 31.288195 11 9
865549975 58.518965 31.291831 25 18
922792912 58.526538 31.276056 49 11
975400153 58.524161 31.268683 7 7
1169726185 58.521011 31.278151 6 8
1203945101 58.529219 31.281840 10 10
1262052506 58.528319 31.288871 5 6
1264386668 58.526392 31.287633 4 5
1381181407 58.514397 31.265639 25 28
