101 
285983750 31,2755692 58,5214294 3 302311717 31,2754 58,5212618 21,067291057675856 427006085 31,2752698 58,5215103 19,573850615044226 6137246199 31,27700611017002 58,52104099894376 94,24670284993982 
302311691 31,2752943 58,521277 2 6137226366 31,2752473 58,5212763 2,7301206364256414 6137226367 31,2753408 58,5212734 2,7294922792733067 
302311693 31,2752012 58,5212715 2 6137226365 31,2751574 58,5212626 2,728970393935084 6137226366 31,2752473 58,5212763 2,7294474311914656 
302311694 31,2751172 58,5212499 2 6137226364 31,2750817 58,5212338 2,7301688272743836 6137226365 31,2751574 58,5212626 2,728117629667794 
302311695 31,275159 58,5210056 3 302311697 31,274899 58,5207167 35,49482318026399 6137226358 31,2751997 58,5209974 2,533024836034316 6137226359 31,2751186 58,5210181 2,7266708206381245 
302311697 31,274899 58,5207167 4 302311695 31,275159 58,5210056 35,49482318026399 6132833752 31,273958 58,5209559 60,768931610009226 6132833748 31,274858 58,5206712 5,591498845014654 6132833747 31,275812 58,520489 58,74937969087142 
302311717 31,2754 58,5212618 3 285983750 31,2755692 58,5214294 21,067291057675856 6132831965 31,2762365 58,5210348 54,737935253903956 6137246198 31,2753854 58,5212658 0,9573323259482283 
427006085 31,2752698 58,5215103 3 285983750 31,2755692 58,5214294 19,573850615044226 1900788011 31,2741169 58,5218219 75,3767209567251 6132831967 31,2754293 58,521615 14,87641873190709 
427010776 31,2754109 58,5210093 2 6137226355 31,2754472 58,5210219 2,5309160631992245 6137226356 31,2753712 58,5209999 2,53106326393213 
427010779 31,2753292 58,5209939 2 6137226356 31,2753712 58,5209999 2,528324121538801 6137226357 31,2752858 58,5209914 2,535287025290544 
427010780 31,2752423 58,5209926 2 6137226357 31,2752858 58,5209914 2,5293292143680968 6137226358 31,2751997 58,5209974 2,5304778931157954 
427010790 31,2738776 58,5218865 3 1900788011 31,2741169 58,5218219 15,641468991792337 3673047611 31,2737657 58,5219168 7,318871116048524 6137246205 31,273573889829976 58,52158189608683 38,266971842205834 
1900788011 31,2741169 58,5218219 3 427006085 31,2752698 58,5215103 75,3767209567251 427010790 31,2738776 58,5218865 15,641468991792337 6132831962 31,2740578 58,5217051 13,433273607744258 
1900788016 31,2737254 58,5210151 3 6132833752 31,273958 58,5209559 15,024631645832983 6132833689 31,2737434 58,5210526 4,298804782830782 6137246204 31,273573889829976 58,520826998058254 22,736228528981872 
1900788035 31,2769701 58,5217449 3 2952049337 31,27669 58,5218051 17,58723169421387 6137246203 31,27700611017002 58,52177958990006 4,3969794306758345 6137246207 31,27700611017002 58,52172998654228 2,6762699262535 
1900788049 31,2760021 58,5204417 3 6132831966 31,2768881 58,5209412 75,70706010909197 6132833727 31,2758537 58,5202718 20,76441378086259 6132833747 31,275812 58,520489 12,22723272455045 
2952049337 31,27669 58,5218051 3 6132872715 31,2765483 58,5217795 8,706077355751054 1900788035 31,2769701 58,5217449 17,58723169421387 6132872714 31,2762125 58,5220118 36,01313564697579 
3670743725 31,2755314 58,5216802 3 6132872715 31,2765483 58,5217795 60,06813608862428 6132831967 31,2754293 58,521615 9,3651380553249 6137246210 31,276045664313383 58,522017772424 48,08138108245588 
3673047611 31,2737657 58,5219168 2 3673047612 31,2736882 58,521945 5,4846649742101015 427010790 31,2738776 58,5218865 7,318871116048524 
3673047612 31,2736882 58,521945 2 3673047611 31,2737657 58,5219168 5,4846649742101015 6137246206 31,273573889829976 58,52197688772679 7,548685260022118 
6132831951 31,275052 58,5212148 2 6137226363 31,2750289 58,5211934 2,7315591003115487 6137226364 31,2750817 58,5212338 2,727168350342756 
6132831952 31,2750132 58,5211703 2 6137226362 31,2750053 58,5211461 2,7297378364949507 6137226363 31,2750289 58,5211934 2,7255767359936596 
6132831953 31,2750055 58,5211216 2 6137226361 31,2750137 58,5210974 2,7327190537873975 6137226362 31,2750053 58,5211461 2,724304301806989 
6132831954 31,2750297 58,5210743 2 6137226360 31,275053 58,521053 2,7276218694092673 6137226361 31,2750137 58,5210974 2,7314530545630387 
6132831955 31,2750829 58,5210341 2 6137226359 31,2751186 58,5210181 2,731701749766668 6137226360 31,275053 58,521053 2,725950297213316 
6132831956 31,2754792 58,5210374 2 6137226354 31,2755061 58,5210553 2,530078359194221 6137226355 31,2754472 58,5210219 2,5343504981829064 
6132831957 31,2755273 58,5210752 2 6137226353 31,2755421 58,5210966 2,529992761319675 6137226354 31,2755061 58,5210553 2,5321297297093603 
6132831958 31,2755502 58,5211189 2 6137226352 31,2755514 58,5211417 2,536205210583317 6137226353 31,2755421 58,5210966 2,5238597278506085 
6132831959 31,2755457 58,5211643 2 6137226351 31,2755332 58,5211861 2,5303797901931917 6137226352 31,2755514 58,5211417 2,534709527725827 
6132831960 31,2755142 58,5212066 2 6137226350 31,2754893 58,5212252 2,5234698513729743 6137226351 31,2755332 58,5211861 2,5324317010605415 
6132831961 31,2754589 58,5212416 2 6137226349 31,275424 58,5212552 2,528509015679054 6137226350 31,2754893 58,5212252 2,537965293220061 
6132831962 31,2740578 58,5217051 3 6132831963 31,2742597 58,521616 15,348845458828624 1900788011 31,2741169 58,5218219 13,433273607744258 6132833691 31,2738577 58,5212899 47,60770077211236 
6132831963 31,2742597 58,521616 2 6132831964 31,2749222 58,5213821 46,434564893985296 6132831962 31,2740578 58,5217051 15,348845458828624 
6132831964 31,2749222 58,5213821 2 6137246198 31,2753854 58,5212658 29,84275568745438 6132831963 31,2742597 58,521616 46,434564893985296 
6132831965 31,2762365 58,5210348 2 6132831966 31,2768881 58,5209412 39,2402809927415 302311717 31,2754 58,5212618 54,737935253903956 
6132831966 31,2768881 58,5209412 3 1900788049 31,2760021 58,5204417 75,70706010909197 6132831965 31,2762365 58,5210348 39,2402809927415 6137246208 31,27700611017002 58,52100083058061 9,560600829763194 
6132831967 31,2754293 58,521615 3 6132831968 31,2759412 58,5214714 33,74029574499701 427006085 31,2752698 58,5215103 14,87641873190709 3670743725 31,2755314 58,5216802 9,3651380553249 
6132831968 31,2759412 58,5214714 2 6132831969 31,2765482 58,5212808 41,12628463984394 6132831967 31,2754293 58,521615 33,74029574499701 
6132831969 31,2765482 58,5212808 2 6132831968 31,2759412 58,5214714 41,12628463984394 6137246211 31,27700611017002 58,52112329367823 31,93394755997604 
6132831984 31,2748428 58,5202867 3 6132833718 31,2749222 58,5202662 5,143157523279916 6132833720 31,2738508 58,5205427 64,25092041783361 6137246212 31,274784082939057 58,52022222744958 7,9548562660463285 
6132833687 31,2737609 58,5202872 1 6132833721 31,2736599 58,520334 7,840586093850151 
6132833689 31,2737434 58,5210526 3 6132833691 31,2738577 58,5212899 27,20842984294591 1900788016 31,2737254 58,5210151 4,298804782830782 6137246214 31,273573889829976 58,52108522827629 10,524991859832134 
6132833691 31,2738577 58,5212899 3 6132831962 31,2740578 58,5217051 47,60770077211236 6132833689 31,2737434 58,5210526 27,20842984294591 6137246215 31,273573889829976 58,52137364868307 18,98743708159672 
6132833711 31,2749461 58,520293 2 6132833719 31,2750218 58,5203715 9,773086027739186 6132833718 31,2749222 58,5202662 3,2873203750078503 
6132833718 31,2749222 58,5202662 3 6132831984 31,2748428 58,5202867 5,143157523279916 6132833711 31,2749461 58,520293 3,2873203750078503 6137246201 31,275092613354044 58,52022222744958 11,072669814023465 
6132833719 31,2750218 58,5203715 1 6132833711 31,2749461 58,520293 9,773086027739186 
6132833720 31,2738508 58,5205427 3 6132831984 31,2748428 58,5202867 64,25092041783361 6132833721 31,2736599 58,520334 25,717855482278026 6137246200 31,273573889829976 58,52061450868415 18,009790804740824 
6132833721 31,2736599 58,520334 4 6132833687 31,2737609 58,5202872 7,840586093850151 6132833720 31,2738508 58,5205427 25,717855482278026 6137246213 31,273573889829976 58,520376693544264 6,909069480872433 6137246216 31,273573889829976 58,52023998572898 11,609576441784963 
6132833727 31,2758537 58,5202718 3 1900788049 31,2760021 58,5204417 20,76441378086259 6132833730 31,2758952 58,5202609 2,697368455259156 6137246202 31,275810376505508 58,52022222744958 6,071488244222747 
6132833730 31,2758952 58,5202609 2 6132833727 31,2758537 58,5202718 2,697368455259156 6132833731 31,2759944 58,520235 6,439965240829954 
6132833731 31,2759944 58,520235 2 6132833730 31,2758952 58,5202609 6,439965240829954 6137246217 31,27604328803782 58,52022222744958 3,184330432625453 
6132833746 31,2757656 58,5204389 1 6132833747 31,275812 58,520489 6,1881770298601735 
6132833747 31,275812 58,520489 3 6132833746 31,2757656 58,5204389 6,1881770298601735 1900788049 31,2760021 58,5204417 12,22723272455045 302311697 31,274899 58,5207167 58,74937969087142 
6132833748 31,274858 58,5206712 1 302311697 31,274899 58,5207167 5,591498845014654 
6132833751 31,2739163 58,5209122 1 6132833752 31,273958 58,5209559 5,429064233440139 
6132833752 31,273958 58,5209559 3 302311697 31,274899 58,5207167 60,768931610009226 1900788016 31,2737254 58,5210151 15,024631645832983 6132833751 31,2739163 58,5209122 5,429064233440139 
6132872714 31,2762125 58,5220118 2 2952049337 31,27669 58,5218051 36,01313564697579 6137246209 31,276198234050856 58,522017772424 1,0646942501206407 
6132872715 31,2765483 58,5217795 2 3670743725 31,2755314 58,5216802 60,06813608862428 2952049337 31,27669 58,5218051 8,706077355751054 
6137226349 31,275424 58,5212552 2 6137246198 31,2753854 58,5212658 2,532304499049913 6132831961 31,2754589 58,5212416 2,528509015679054 
6137226350 31,2754893 58,5212252 2 6132831961 31,2754589 58,5212416 2,537965293220061 6132831960 31,2755142 58,5212066 2,5234698513729743 
6137226351 31,2755332 58,5211861 2 6132831960 31,2755142 58,5212066 2,5324317010605415 6132831959 31,2755457 58,5211643 2,5303797901931917 
6137226352 31,2755514 58,5211417 2 6132831959 31,2755457 58,5211643 2,534709527725827 6132831958 31,2755502 58,5211189 2,536205210583317 
6137226353 31,2755421 58,5210966 2 6132831958 31,2755502 58,5211189 2,5238597278506085 6132831957 31,2755273 58,5210752 2,529992761319675 
6137226354 31,2755061 58,5210553 2 6132831957 31,2755273 58,5210752 2,5321297297093603 6132831956 31,2754792 58,5210374 2,530078359194221 
6137226355 31,2754472 58,5210219 2 6132831956 31,2754792 58,5210374 2,5343504981829064 427010776 31,2754109 58,5210093 2,5309160631992245 
6137226356 31,2753712 58,5209999 2 427010776 31,2754109 58,5210093 2,53106326393213 427010779 31,2753292 58,5209939 2,528324121538801 
6137226357 31,2752858 58,5209914 2 427010779 31,2753292 58,5209939 2,535287025290544 427010780 31,2752423 58,5209926 2,5293292143680968 
6137226358 31,2751997 58,5209974 2 427010780 31,2752423 58,5209926 2,5304778931157954 302311695 31,275159 58,5210056 2,533024836034316 
6137226359 31,2751186 58,5210181 2 302311695 31,275159 58,5210056 2,7266708206381245 6132831955 31,2750829 58,5210341 2,731701749766668 
6137226360 31,275053 58,521053 2 6132831955 31,2750829 58,5210341 2,725950297213316 6132831954 31,2750297 58,5210743 2,7276218694092673 
6137226361 31,2750137 58,5210974 2 6132831954 31,2750297 58,5210743 2,7314530545630387 6132831953 31,2750055 58,5211216 2,7327190537873975 
6137226362 31,2750053 58,5211461 2 6132831953 31,2750055 58,5211216 2,724304301806989 6132831952 31,2750132 58,5211703 2,7297378364949507 
6137226363 31,2750289 58,5211934 2 6132831952 31,2750132 58,5211703 2,7255767359936596 6132831951 31,275052 58,5212148 2,7315591003115487 
6137226364 31,2750817 58,5212338 2 6132831951 31,275052 58,5212148 2,727168350342756 302311694 31,2751172 58,5212499 2,7301688272743836 
6137226365 31,2751574 58,5212626 2 302311694 31,2751172 58,5212499 2,728117629667794 302311693 31,2752012 58,5212715 2,728970393935084 
6137226366 31,2752473 58,5212763 2 302311693 31,2752012 58,5212715 2,7294474311914656 302311691 31,2752943 58,521277 2,7301206364256414 
6137226367 31,2753408 58,5212734 2 302311691 31,2752943 58,521277 2,7294922792733067 6137246198 31,2753854 58,5212658 2,7240578592766496 
6137246198 31,2753854 58,5212658 4 6137226367 31,2753408 58,5212734 2,7240578592766496 6137226349 31,275424 58,5212552 2,532304499049913 302311717 31,2754 58,5212618 0,9573323259482283 6132831964 31,2749222 58,5213821 29,84275568745438 
6137246199 31,27700611017002 58,52104099894376 2 285983750 31,2755692 58,5214294 94,24670284993982 6137246211 31,27700611017002 58,52112329367823 9,166546664512314 
6137246200 31,273573889829976 58,52061450868415 2 6132833720 31,2738508 58,5205427 18,009790804740824 6137246213 31,273573889829976 58,520376693544264 26,489463642267687 
6137246201 31,275092613354044 58,52022222744958 2 6132833718 31,2749222 58,5202662 11,072669814023465 6137246202 31,275810376505508 58,52022222744958 41,82607260246026 
6137246202 31,275810376505508 58,52022222744958 2 6132833727 31,2758537 58,5202718 6,071488244222747 6137246217 31,27604328803782 58,52022222744958 13,57240844780572 
6137246203 31,27700611017002 58,52177958990006 2 1900788035 31,2769701 58,5217449 4,3969794306758345 6137246219 31,27700611017002 58,522017772424 26,53039120942917 
6137246204 31,273573889829976 58,520826998058254 2 1900788016 31,2737254 58,5210151 22,736228528981872 6137246200 31,273573889829976 58,52061450868415 23,668508872930076 
6137246205 31,273573889829976 58,52158189608683 2 427010790 31,2738776 58,5218865 38,266971842205834 6137246215 31,273573889829976 58,52137364868307 23,19601217574822 
6137246206 31,273573889829976 58,52197688772679 2 3673047612 31,2736882 58,521945 7,548685260022118 6137246205 31,273573889829976 58,52158189608683 43,99685738158135 
6137246207 31,27700611017002 58,52172998654228 2 1900788035 31,2769701 58,5217449 2,6762699262535 6137246203 31,27700611017002 58,52177958990006 5,525159594950636 
6137246208 31,27700611017002 58,52100083058061 2 6132831966 31,2768881 58,5209412 9,560600829763194 6137246199 31,27700611017002 58,52104099894376 4,474225162441452 
6137246209 31,276198234050856 58,522017772424 2 6132872714 31,2762125 58,5220118 1,0646942501206407 6137246210 31,276045664313383 58,522017772424 8,89021246232527 
6137246210 31,276045664313383 58,522017772424 2 3670743725 31,2755314 58,5216802 48,08138108245588 6137246218 31,273573889829976 58,522017772424 144,02987564347865 
6137246211 31,27700611017002 58,52112329367823 2 6132831969 31,2765482 58,5212808 31,93394755997604 6137246207 31,27700611017002 58,52172998654228 67,57757693400966 
6137246212 31,274784082939057 58,52022222744958 2 6132831984 31,2748428 58,5202867 7,9548562660463285 6137246201 31,275092613354044 58,52022222744958 17,97893289875507 
6137246213 31,273573889829976 58,520376693544264 2 6132833721 31,2736599 58,520334 6,909069480872433 6137246216 31,273573889829976 58,52023998572898 15,227443458818925 
6137246214 31,273573889829976 58,52108522827629 2 6132833689 31,2737434 58,5210526 10,524991859832134 6137246204 31,273573889829976 58,520826998058254 28,76343562407173 
6137246215 31,273573889829976 58,52137364868307 2 6132833691 31,2738577 58,5212899 18,98743708159672 6137246214 31,273573889829976 58,52108522827629 32,12622527840697 
6137246216 31,273573889829976 58,52023998572898 2 6132833721 31,2736599 58,520334 11,609576441784963 6137246221 31,273573889829976 58,52022222744958 1,9780375507183634 
6137246217 31,27604328803782 58,52022222744958 2 6132833731 31,2759944 58,520235 3,184330432625453 6137246220 31,27700611017002 58,52022222744958 56,10634695087676 
6137246218 31,273573889829976 58,522017772424 1 6137246206 31,273573889829976 58,52197688772679 4,554016014809998 
6137246219 31,27700611017002 58,522017772424 1 6137246209 31,276198234050856 58,522017772424 47,07480304760306 
6137246220 31,27700611017002 58,52022222744958 1 6137246208 31,27700611017002 58,52100083058061 86,72610043407117 
6137246221 31,273573889829976 58,52022222744958 1 6137246212 31,274784082939057 58,52022222744958 70,52134780082015 
