22
43308199 43.115339 131.882397 47 31
43308230 43.114745 131.882912 59 55
47428758 43.114962 131.882232 30 21
102548924 43.114730 131.882217 27 30
104973223 43.116289 131.881987 39 56
104983535 43.116410 131.883367 34 25
157823792 43.116494 131.883706 60 35
157823794 43.116352 131.883849 31 14
157823797 43.116391 131.884272 50 17
290143853 43.115547 131.883194 107 79
462440637 43.114785 131.883911 7 7
462443492 43.116288 131.883954 14 7
469002333 43.116071 131.882106 17 22
469002426 43.115870 131.882046 39 24
531384366 43.114969 131.883145 12 22
581756378 43.116439 131.882244 3 3
581756385 43.115825 131.881919 9 5
581756392 43.116039 131.881884 6 9
581834650 43.115037 131.882738 5 4
581834652 43.115005 131.882968 6 4
582731157 43.114877 131.883904 7 7
583101276 43.114907 131.883265 3 2
