2206
3193751 43.118409 131.882707 27 48
3193752 43.118403 131.882661 27 48
3193753 43.118516 131.882367 12 11
3292482 43.112233 131.872856 152 186
3817253 43.123383 131.891879 58 34
6912179 43.112989 131.880776 105 43
6938164 43.117099 131.879822 42 50
6958612 43.111803 131.878913 77 34
6958613 43.112172 131.878761 22 50
7341842 43.113064 131.882257 17 20
7592962 43.110345 131.876314 32 22
7592963 43.110271 131.876516 27 36
7592964 43.110300 131.876437 38 44
7787773 43.116507 131.880214 10 8
8244690 43.114895 131.878119 19 18
8244691 43.114976 131.878253 25 25
8244692 43.114950 131.878209 31 32
8244818 43.115468 131.877040 55 77
8244819 43.115190 131.876979 63 61
8244820 43.115373 131.877019 84 77
8286790 43.118183 131.883320 41 24
8299957 43.119221 131.886506 6 11
8299958 43.119176 131.886490 9 11
8299959 43.119150 131.886384 37 34
8315085 43.120908 131.882199 20 13
8315086 43.120867 131.882294 14 12
8315087 43.120892 131.882236 21 20
8322811 43.118037 131.887207 19 25
8322812 43.118189 131.887233 23 22
8322813 43.118116 131.887220 38 26
8322818 43.118251 131.888728 69 76
8323364 43.119126 131.888880 22 48
8323365 43.119221 131.888871 12 23
8323366 43.119144 131.888878 28 48
8340786 43.118541 131.890700 24 22
8340787 43.118439 131.890743 6 8
8340788 43.118534 131.890703 26 22
8367078 43.118509 131.886978 24 22
8367079 43.118189 131.886794 51 42
8367080 43.119142 131.886363 37 31
8392966 43.120971 131.883746 44 34
8392967 43.120686 131.883638 30 30
8392968 43.120858 131.883703 68 40
8398276 43.122018 131.885304 101 39
8398277 43.122227 131.885656 30 26
8398278 43.122068 131.885389 101 60
8398279 43.121785 131.884830 46 36
8398280 43.122157 131.884876 34 25
8398281 43.121927 131.884848 77 36
8398493 43.123120 131.881270 49 38
8398494 43.122844 131.881218 20 23
8398495 43.123063 131.881259 65 38
8401211 43.120335 131.895346 59 61
8401212 43.120243 131.895132 41 44
8401214 43.121289 131.893350 56 49
8401215 43.121108 131.893355 40 58
8401216 43.121239 131.893351 64 58
8409393 43.124381 131.885113 30 53
8409394 43.124473 131.885267 15 29
8409395 43.124404 131.885151 30 53
8439403 43.108752 131.879211 24 22
8439404 43.108798 131.879095 11 11
8439405 43.108845 131.878993 17 17
8439406 43.108968 131.878976 18 29
8441147 43.122418 131.878364 32 33
8441148 43.122247 131.878217 39 29
8441149 43.122067 131.878235 31 31
8441150 43.121893 131.878090 41 31
8441151 43.121704 131.878091 32 32
8441152 43.121550 131.878553 37 69
8441153 43.121613 131.878704 33 32
8441154 43.121881 131.878353 129 88
8445532 43.118838 131.884125 63 38
8445533 43.119062 131.883986 41 24
8445534 43.118640 131.884092 23 27
8445535 43.118870 131.884093 78 38
8705577 43.110519 131.875512 19 33
8705578 43.109951 131.874892 122 78
8705579 43.110031 131.874979 133 105
8705687 43.108462 131.874298 111 62
8705688 43.108318 131.874149 124 75
11027314 43.116915 131.889870 29 17
11380247 43.107071 131.872741 54 49
12340382 43.111154 131.875603 76 51
12340383 43.111059 131.875242 104 92
13094744 43.111214 131.881588 92 54
15767833 43.118554 131.886920 34 35
23946365 43.116498 131.878032 73 70
24164985 43.111381 131.882907 170 113
26537156 43.115961 131.893486 87 62
27014618 43.113852 131.889837 55 92
27152012 43.115510 131.881607 67 32
27420114 43.115325 131.888896 33 70
27532736 43.114113 131.892994 40 53
27532893 43.114481 131.890895 53 89
27784256 43.114148 131.885240 18 26
27784269 43.113808 131.881323 64 31
28929103 43.117168 131.892517 70 67
28929313 43.113984 131.893762 28 40
30044752 43.112287 131.880610 45 60
30281940 43.113371 131.891229 27 78
30282608 43.114493 131.885949 18 31
30352452 43.118100 131.890472 56 54
30352493 43.118821 131.890701 40 43
30409246 43.116704 131.879745 38 62
30573604 43.113127 131.874256 71 41
31009385 43.119517 131.886420 44 57
31318220 43.115504 131.892485 47 45
31318429 43.114727 131.892218 37 54
31318761 43.119195 131.885751 51 51
33391377 43.119399 131.887415 37 32
34289090 43.118328 131.886140 39 31
34867385 43.106974 131.879671 63 67
34867413 43.112363 131.879873 40 59
35913767 43.115191 131.887549 43 78
37825728 43.119655 131.878804 51 130
37825732 43.118634 131.878509 49 115
40128122 43.124566 131.889457 19 35
43153957 43.123320 131.876210 183 85
43154106 43.113684 131.880912 46 26
43196925 43.114270 131.889290 42 80
43196931 43.114715 131.890078 34 50
43307167 43.115533 131.891880 25 40
43308199 43.115339 131.882397 47 31
43308230 43.114745 131.882912 59 55
43308503 43.109013 131.878582 65 33
43308813 43.111327 131.880078 34 34
43308840 43.109701 131.881951 58 53
44669444 43.115622 131.887896 45 53
44669460 43.115876 131.888766 47 25
44797773 43.118927 131.889669 66 34
44797776 43.117951 131.887887 25 23
45060950 43.116226 131.879407 35 28
45060985 43.121008 131.883193 110 84
45061144 43.124524 131.885848 27 44
45382641 43.115185 131.875835 16 14
45421420 43.117111 131.891923 60 26
45421430 43.119285 131.890844 40 44
45421438 43.121238 131.889926 80 51
45784089 43.115066 131.890145 27 45
45784180 43.117859 131.892599 53 29
45784942 43.113871 131.892858 31 53
45784943 43.113675 131.892797 26 48
46739887 43.108415 131.876136 73 30
46954035 43.115517 131.880783 38 21
46954059 43.115132 131.892063 45 22
46954717 43.116720 131.882829 52 42
46955028 43.123416 131.885528 48 83
47027383 43.122115 131.892480 26 18
47063320 43.120020 131.884047 41 27
47185093 43.115128 131.893887 72 57
47185147 43.113312 131.892568 25 21
47419378 43.114235 131.894937 37 44
47419495 43.117512 131.893904 25 44
47419561 43.118135 131.893262 40 72
47426777 43.114648 131.880492 48 23
47428735 43.116927 131.889112 34 20
47428745 43.114723 131.888472 24 53
47428758 43.114962 131.882232 30 21
47661236 43.115233 131.890358 19 44
47661248 43.116223 131.886301 54 65
47661275 43.117112 131.888613 26 20
47661601 43.118438 131.893684 29 57
47661836 43.118320 131.879626 24 22
47662155 43.114756 131.881334 79 32
48624477 43.116184 131.888297 44 25
48681632 43.123287 131.888785 73 37
49513596 43.111353 131.879705 34 22
49513597 43.110838 131.879280 52 46
49513598 43.116596 131.880473 40 56
51185970 43.123304 131.892105 57 29
51185983 43.122930 131.893303 27 28
51185984 43.119824 131.887635 20 38
51665174 43.117458 131.888303 22 20
51866553 43.117481 131.891659 22 40
51866554 43.117575 131.891078 21 41
51866866 43.117244 131.889242 41 29
51866868 43.116887 131.888533 31 23
52100311 43.118624 131.894986 20 18
52323595 43.114898 131.889177 25 22
52323596 43.114888 131.889430 18 25
52323599 43.115356 131.890325 15 38
52323600 43.115440 131.890859 14 10
52323602 43.115249 131.891743 19 52
53263122 43.115276 131.894594 25 46
53453494 43.114419 131.893885 29 25
53470423 43.114354 131.894371 37 38
55424045 43.120755 131.877947 31 50
55424046 43.120637 131.878745 37 73
59527586 43.117559 131.890592 31 27
59587839 43.118239 131.887785 35 22
59587841 43.109658 131.877408 115 39
59587846 43.123756 131.889113 25 25
59587848 43.119369 131.891549 67 29
59587849 43.119867 131.891703 39 23
60354821 43.118863 131.889154 22 27
60354822 43.122384 131.882926 93 40
60354825 43.117356 131.887911 23 25
60960659 43.122784 131.891163 37 22
60960662 43.122537 131.889699 30 20
60960663 43.123860 131.894155 56 91
60960664 43.121856 131.890811 69 31
60960665 43.122370 131.891018 24 23
60960666 43.122124 131.890076 55 26
60960667 43.122477 131.890351 36 22
60961444 43.118389 131.885713 44 39
60961454 43.117606 131.887583 27 58
66365717 43.110751 131.877776 75 32
66365749 43.108113 131.876687 23 23
66365792 43.123447 131.890103 37 22
66365798 43.123353 131.890591 37 23
66365803 43.122992 131.890096 24 19
66365807 43.122885 131.890691 38 20
66365815 43.122747 131.885224 27 37
66365825 43.123082 131.889711 35 20
66365832 43.123097 131.889247 25 32
66365837 43.123549 131.889581 37 22
74551780 43.121225 131.876224 72 74
74551786 43.110181 131.878898 90 45
76170958 43.121410 131.892315 51 46
76170961 43.122109 131.891586 59 36
76352123 43.112656 131.879906 36 43
77996661 43.110558 131.881454 14 10
78488833 43.109856 131.876704 46 25
78488835 43.109933 131.877150 22 16
78488836 43.110532 131.878459 60 28
78489628 43.112693 131.881698 63 47
78489629 43.108852 131.877606 23 23
78609873 43.113760 131.882727 41 28
78609880 43.114176 131.882932 46 32
79012250 43.119038 131.887017 40 39
79012253 43.118509 131.887507 21 21
79012256 43.118594 131.887709 20 24
79012258 43.118742 131.888059 31 46
79012261 43.118661 131.889293 28 35
79012264 43.117207 131.890539 40 34
79012265 43.116429 131.889101 47 53
79012267 43.118945 131.890234 18 30
79012272 43.116764 131.890233 37 24
79012274 43.117073 131.891045 25 21
79012281 43.116006 131.891987 27 53
79012282 43.116510 131.891252 23 36
80338787 43.109527 131.878831 25 25
80338788 43.110460 131.880168 56 31
80338790 43.111981 131.875775 36 39
80338795 43.109383 131.875568 91 35
80338796 43.109178 131.877965 42 22
84532497 43.106699 131.876773 22 29
84536099 43.113777 131.880150 38 23
84536102 43.113361 131.880046 40 22
84536103 43.113011 131.879913 45 24
84536105 43.116653 131.888381 30 31
84871869 43.113322 131.873475 74 71
84871871 43.114204 131.873658 59 58
84871873 43.114695 131.875954 36 37
84871875 43.114801 131.877652 20 21
93412119 43.118486 131.881793 20 15
93412121 43.118552 131.881626 19 15
93412124 43.118597 131.881490 25 14
93834817 43.114914 131.891775 57 42
93834818 43.114924 131.890911 31 48
101980336 43.120934 131.884309 110 68
102154946 43.111011 131.876489 21 18
102368831 43.118335 131.879297 24 23
102369243 43.117763 131.880531 20 23
102369244 43.117752 131.880278 34 23
102369320 43.117511 131.880703 18 12
102369348 43.117487 131.880854 35 15
102369363 43.117345 131.880558 20 46
102369364 43.117475 131.880385 15 14
102369829 43.118140 131.881160 49 20
102369830 43.118027 131.881283 30 16
102370113 43.117605 131.881390 30 69
102370308 43.117932 131.881548 24 35
102370329 43.118278 131.881616 16 29
102370338 43.117496 131.881958 19 30
102370345 43.117434 131.882282 19 27
102370385 43.117825 131.881935 23 47
102370387 43.118238 131.881963 16 30
102370388 43.117960 131.882222 26 14
102370409 43.118077 131.881763 26 14
102370418 43.118020 131.882004 26 19
102374602 43.117904 131.882302 17 12
102374607 43.118035 131.882353 17 12
102375060 43.117223 131.883168 37 58
102375346 43.117194 131.883701 18 30
102375360 43.117607 131.883184 24 30
102376002 43.117013 131.884626 20 27
102376003 43.116841 131.884534 25 20
102376159 43.117554 131.883484 27 27
102376502 43.116890 131.884873 38 22
102376833 43.116850 131.885141 36 34
102376868 43.116682 131.886452 20 32
102376953 43.117571 131.884741 23 22
102377016 43.117224 131.885090 21 29
102377192 43.117329 131.884646 21 12
102377933 43.116603 131.886758 22 28
102377936 43.117176 131.885401 22 29
102377956 43.117420 131.885479 18 28
102378043 43.116381 131.887768 43 82
102378044 43.116495 131.887110 31 21
102378078 43.116937 131.886560 37 71
102378080 43.116767 131.887399 21 38
102378236 43.117191 131.887111 23 31
102378283 43.116666 131.887952 22 37
102416761 43.111713 131.881168 14 15
102417278 43.113212 131.881598 24 22
102417282 43.113183 131.881933 15 13
102548519 43.113612 131.881722 47 32
102548520 43.113476 131.882244 45 39
102548611 43.114387 131.882061 44 41
102548696 43.113952 131.881841 37 23
102548924 43.114730 131.882217 27 30
102549023 43.114260 131.881073 24 34
102549063 43.115154 131.880934 30 60
102549175 43.115872 131.881684 14 19
102549674 43.117007 131.882880 27 22
102550032 43.116698 131.882321 13 20
102550083 43.117239 131.882516 54 24
102550332 43.117745 131.882635 29 29
102550412 43.117978 131.882792 33 18
102550449 43.118204 131.882869 23 16
102550532 43.119339 131.883292 46 22
102550632 43.119394 131.883068 49 41
102550768 43.119786 131.883457 57 23
102551014 43.119833 131.883111 20 23
102551120 43.120202 131.883540 39 30
102555196 43.123501 131.883705 59 66
102555302 43.123931 131.882453 20 30
102555317 43.124337 131.882803 23 21
102555318 43.124449 131.883064 21 21
102646209 43.111652 131.875967 23 24
102646210 43.111526 131.875698 21 22
102646301 43.111555 131.874536 22 21
102646302 43.111525 131.874943 18 22
102646336 43.111721 131.874728 16 17
102646349 43.111463 131.876119 14 18
102646902 43.111786 131.876460 62 36
102646968 43.112340 131.876328 20 23
102653075 43.120539 131.876410 23 42
102653145 43.120048 131.877425 80 30
102653191 43.121746 131.875599 28 20
102653415 43.124092 131.875521 24 20
102653595 43.122532 131.876509 128 76
102653729 43.120614 131.880255 13 17
102654955 43.114392 131.888618 31 43
102654979 43.114652 131.888864 15 16
102654980 43.114569 131.889317 26 63
102757706 43.106855 131.875377 47 63
102757707 43.107176 131.875681 29 19
102757720 43.107421 131.874781 44 39
102757756 43.107580 131.876314 23 23
102757757 43.107582 131.875684 59 30
102757797 43.108010 131.875424 51 29
102757798 43.108294 131.875525 25 25
102758122 43.108972 131.876942 24 30
102758123 43.108753 131.876791 37 21
102758129 43.108465 131.876803 19 39
102758130 43.108372 131.877318 19 36
102758177 43.109361 131.876982 38 28
102758240 43.111392 131.876856 30 26
102758245 43.110201 131.877241 16 12
102758247 43.111240 131.877192 18 16
102758251 43.111091 131.876931 34 45
102758301 43.111741 131.877347 30 24
102758302 43.111722 131.878041 19 47
102758316 43.112226 131.877943 30 17
102758317 43.112265 131.878252 27 49
102758321 43.112031 131.877891 25 20
102949770 43.110208 131.880699 65 21
102949987 43.110722 131.881025 22 18
102950015 43.110465 131.879686 38 23
102950047 43.109867 131.880667 16 22
102950048 43.109624 131.880567 23 16
102950090 43.109878 131.879966 56 29
102950112 43.109647 131.879392 28 21
102950115 43.109953 131.879505 27 22
102950128 43.109093 131.880413 64 28
102950168 43.109303 131.879741 60 28
102950169 43.109310 131.879293 27 21
102950349 43.108488 131.879362 59 53
102950508 43.108583 131.878743 43 39
102950783 43.107745 131.878252 68 59
102950784 43.108123 131.878695 44 39
102950785 43.107295 131.877823 54 47
104970706 43.112993 131.893619 47 47
104971126 43.122144 131.883356 24 55
104971132 43.122194 131.881872 24 43
104971135 43.122844 131.882343 32 52
104973223 43.116289 131.881987 39 56
104983535 43.116410 131.883367 34 25
105257195 43.107122 131.873512 53 63
105257197 43.107975 131.877949 32 37
105257203 43.107212 131.877190 35 20
105464430 43.112585 131.878801 27 70
105464432 43.112769 131.877599 44 131
105464434 43.107955 131.876974 21 20
105464435 43.108439 131.877729 41 21
105464436 43.112111 131.877147 30 38
105464437 43.108821 131.876348 24 22
105467471 43.108265 131.874730 97 40
105467474 43.107546 131.874071 52 40
105467475 43.111266 131.875948 20 22
106214009 43.122435 131.877109 56 40
106214011 43.122769 131.878824 37 48
106214017 43.123311 131.878739 72 39
106214018 43.122836 131.878476 45 26
106214019 43.122657 131.877783 26 41
106214020 43.124119 131.878229 25 43
106214021 43.121729 131.877116 44 84
106403353 43.117321 131.894550 24 48
106404892 43.116741 131.890724 36 41
106404895 43.116860 131.891438 28 48
106404902 43.117559 131.894758 30 20
106404906 43.117672 131.893057 30 57
106483745 43.117838 131.893388 24 61
106483748 43.117276 131.894990 19 18
106483750 43.120049 131.891007 23 42
107938126 43.107873 131.876687 26 26
107938129 43.109668 131.878057 44 39
107938130 43.111357 131.878788 24 27
107938131 43.110009 131.878172 28 29
107938132 43.106761 131.874469 44 43
107940156 43.113956 131.880603 29 20
107940157 43.115996 131.881085 44 22
107940158 43.114291 131.880371 37 21
107940159 43.116314 131.881033 24 22
107940591 43.115794 131.879452 22 22
107940592 43.116602 131.878974 52 33
107940596 43.116864 131.879054 23 31
107940597 43.114906 131.878684 25 25
107940598 43.116042 131.879783 29 21
107940600 43.115834 131.880063 27 26
107940601 43.115108 131.879242 27 27
107940602 43.115257 131.878303 33 32
107940603 43.115502 131.877824 25 16
107943097 43.112921 131.876561 22 40
107943101 43.114905 131.876302 30 31
107943103 43.113155 131.877709 20 40
107943104 43.112997 131.878649 23 48
107943105 43.112663 131.873166 38 29
107945395 43.114842 131.875507 20 19
107945396 43.112494 131.879180 29 30
107945397 43.115541 131.878850 46 62
107947073 43.113313 131.880467 28 19
107947074 43.113721 131.880550 23 16
108437109 43.116323 131.878944 20 19
108437112 43.116387 131.878633 22 34
108437120 43.116602 131.882106 27 51
108437122 43.116981 131.881769 20 24
108437126 43.116036 131.877985 22 23
108437131 43.116959 131.878518 22 34
108437133 43.115758 131.878244 31 27
108437135 43.116824 131.880981 27 48
111606289 43.121783 131.886622 61 33
111687982 43.119641 131.884330 24 66
112427773 43.120971 131.891382 50 28
112427774 43.122538 131.892401 38 21
112428570 43.124466 131.893426 42 51
112428969 43.120135 131.893553 32 20
112428970 43.119848 131.893051 44 25
112428971 43.120536 131.893673 40 23
112428972 43.123592 131.894779 63 92
112428973 43.120451 131.892883 66 30
112428974 43.119927 131.892575 28 22
112428976 43.119513 131.892158 30 39
112428977 43.123169 131.893960 25 25
112785220 43.113136 131.894809 53 23
112785223 43.113034 131.894343 33 17
112785224 43.114760 131.885469 41 123
116914585 43.113792 131.894475 42 43
118400730 43.116515 131.885098 25 40
118400733 43.116739 131.885545 39 29
118400734 43.116419 131.884442 73 38
118400736 43.116362 131.885458 40 23
118400737 43.117256 131.885796 23 20
118400738 43.117261 131.886350 40 23
118408503 43.113622 131.884764 25 25
118408505 43.113149 131.884339 10 11
131558255 43.119257 131.884383 28 18
132995489 43.120873 131.892080 61 45
132995492 43.120633 131.891058 21 22
132995493 43.120585 131.891351 20 21
139323946 43.119698 131.889884 24 39
139323949 43.120099 131.890560 28 25
139323950 43.119359 131.890208 19 17
139323952 43.119686 131.890369 25 28
139323953 43.119657 131.888640 18 33
139323954 43.118766 131.892303 69 163
139323956 43.119647 131.889454 21 38
139323957 43.118687 131.888685 23 32
139323958 43.119659 131.889034 21 34
139323959 43.119439 131.889888 27 27
139323960 43.120471 131.888900 22 40
139325677 43.121216 131.886834 24 32
139325682 43.121176 131.887661 52 33
139325683 43.120259 131.888250 28 25
139325685 43.120331 131.886569 113 94
139325687 43.120667 131.887476 28 23
139325688 43.120965 131.888182 24 24
139325690 43.120441 131.887386 30 22
139325692 43.120524 131.888334 20 19
139325693 43.121436 131.887265 27 21
139325695 43.121633 131.888100 37 33
139325697 43.120629 131.887877 26 26
139325704 43.120079 131.887273 56 26
139325706 43.121016 131.888818 23 24
139329749 43.120945 131.889382 24 24
139329753 43.121240 131.890724 20 22
139329770 43.121697 131.891251 45 26
139329776 43.120718 131.889171 20 37
139329785 43.120638 131.889785 28 39
139331828 43.119722 131.890901 43 50
139679394 43.120377 131.889379 24 45
139679396 43.120293 131.889824 21 35
139808986 43.120891 131.886350 33 69
139808990 43.119477 131.890610 24 16
139973781 43.122176 131.889488 40 27
139973782 43.122817 131.889238 16 20
139973787 43.120656 131.890302 20 24
139973790 43.121048 131.890199 75 36
139973791 43.120777 131.890777 20 20
139973792 43.121812 131.889615 22 38
139973797 43.122302 131.888171 60 47
139973799 43.122533 131.889011 44 26
139973806 43.122756 131.889517 16 20
139973807 43.120442 131.890781 21 18
139973811 43.120302 131.891067 21 22
139973812 43.122102 131.888272 19 23
147426706 43.120467 131.882320 38 51
147426712 43.121212 131.881163 17 19
155396558 43.115840 131.886737 49 46
155396605 43.115854 131.886408 27 18
156167031 43.121341 131.886318 18 31
156610922 43.120378 131.882969 31 65
157488752 43.120941 131.880075 24 52
157488760 43.121244 131.882318 14 17
157488761 43.119978 131.884832 43 57
157488762 43.119880 131.885434 20 17
157488763 43.119803 131.885937 16 25
157488764 43.121037 131.877912 45 35
157488765 43.120268 131.885352 29 59
157488766 43.119781 131.888259 27 28
157488768 43.120025 131.888498 21 48
157488771 43.121365 131.879731 36 91
157490202 43.119327 131.880575 21 34
157490205 43.118030 131.885049 35 32
157490206 43.118650 131.885695 12 12
157490208 43.119242 131.881148 24 24
157490209 43.119473 131.881547 18 25
157490210 43.119334 131.881403 17 14
157490211 43.119294 131.881565 21 18
157490212 43.119119 131.881652 19 26
157490213 43.119498 131.881899 47 30
157490214 43.119498 131.882158 31 19
157490215 43.119309 131.882107 13 18
157490216 43.118326 131.881928 14 21
157493835 43.117415 131.889592 18 30
157493838 43.117875 131.889871 16 21
157493847 43.120298 131.891823 28 20
157493848 43.120495 131.891896 22 18
157493854 43.115939 131.888053 46 44
157493856 43.121853 131.892463 24 41
157493860 43.115924 131.889648 25 21
157493861 43.117007 131.888201 24 35
157493865 43.117191 131.888265 39 30
157500684 43.117231 131.886873 19 17
157500685 43.117434 131.886835 21 36
157500686 43.117546 131.886456 31 21
157500687 43.118644 131.886274 37 24
157500689 43.118919 131.886276 29 36
157500690 43.120598 131.885806 58 26
157500691 43.114338 131.883998 26 14
157500692 43.120300 131.887620 15 28
157500693 43.120424 131.887720 14 17
157500694 43.120332 131.887950 21 17
157500695 43.123740 131.888032 59 32
157500717 43.116551 131.886136 54 27
157823790 43.116635 131.883093 73 63
157823792 43.116494 131.883706 60 35
157823794 43.116352 131.883849 31 14
157823797 43.116391 131.884272 50 17
157823799 43.116336 131.884686 59 28
157823800 43.116207 131.886804 31 20
157823802 43.115686 131.887388 38 44
157823806 43.115243 131.889566 34 38
157823810 43.114493 131.893434 33 56
158310012 43.114617 131.894076 60 39
158310015 43.114639 131.894542 25 25
158634133 43.109132 131.876357 37 19
158652938 43.124191 131.877859 23 23
158652939 43.123546 131.877155 86 57
158652940 43.124290 131.877498 31 38
158652941 43.124335 131.877001 20 38
160434896 43.113324 131.884157 14 20
160434901 43.113202 131.884450 6 5
160559611 43.122200 131.880071 20 22
160559613 43.122508 131.880515 45 47
160559617 43.122141 131.880359 18 22
160559620 43.122663 131.880929 15 29
160559621 43.122084 131.880617 19 29
160559627 43.121181 131.887151 28 28
160559628 43.121966 131.880943 31 26
160559629 43.121877 131.881626 22 39
160559636 43.121783 131.882087 25 42
160559643 43.121832 131.883417 22 40
160559645 43.121417 131.882958 48 20
160559654 43.121071 131.885757 19 25
160559658 43.121208 131.885199 13 24
160561412 43.122439 131.886660 16 20
160561414 43.122372 131.887008 20 21
160561417 43.122346 131.887269 30 28
160561420 43.122667 131.885628 23 28
162088340 43.122135 131.889009 16 22
162088343 43.120846 131.895319 25 16
162093281 43.123193 131.887125 28 51
162093282 43.122941 131.887199 16 19
162093283 43.122991 131.887424 48 24
162093285 43.122428 131.893673 29 22
162093286 43.123693 131.886429 19 24
162093287 43.121977 131.892743 14 14
162093288 43.124001 131.886616 26 45
162093289 43.121973 131.893143 20 28
162093290 43.122097 131.894091 24 23
162093291 43.123626 131.886788 20 25
162093292 43.123837 131.887260 21 15
162093293 43.124059 131.887160 24 38
162093294 43.123610 131.887637 48 37
162093295 43.123333 131.886565 22 48
164025034 43.119336 131.884966 28 15
164025035 43.119346 131.884558 16 20
164025037 43.118664 131.884933 8 14
164025039 43.118983 131.885006 26 13
164025040 43.119159 131.884643 24 12
166323858 43.119664 131.880606 62 32
166323859 43.120106 131.880769 45 27
166323860 43.119812 131.881192 31 52
166323861 43.119720 131.881696 39 29
166323862 43.120066 131.881378 19 27
166323863 43.122917 131.880843 24 27
166323865 43.123307 131.880898 25 28
166323866 43.123488 131.881007 19 27
166323869 43.121425 131.881229 27 24
166323871 43.122797 131.881717 58 30
166323872 43.122419 131.881602 32 20
166323874 43.124391 131.881621 29 14
166323875 43.124588 131.882396 28 27
166323876 43.118252 131.881339 22 10
166323877 43.118447 131.880566 22 32
166323878 43.118336 131.880892 13 10
166323879 43.118653 131.880370 19 13
166323880 43.118549 131.881094 15 20
166323881 43.121736 131.880904 25 18
166323882 43.118415 131.881493 24 54
169059282 43.108834 131.881482 115 52
169059285 43.108384 131.881073 15 27
169059306 43.108255 131.880904 29 32
169059311 43.107638 131.879904 21 20
169059316 43.114000 131.884266 20 22
169192319 43.117928 131.882486 29 14
169192325 43.118182 131.882251 13 21
169420965 43.117568 131.893514 26 27
169420966 43.117791 131.894543 63 32
169423738 43.117510 131.890037 23 48
169423748 43.117243 131.889995 8 11
170072724 43.113791 131.882425 15 15
170072726 43.116201 131.881484 17 21
170072734 43.112658 131.879185 21 17
170072735 43.113947 131.879605 37 31
170072745 43.114857 131.879910 55 26
170072752 43.116449 131.880415 12 29
170072754 43.115826 131.880452 22 13
170072756 43.107524 131.877013 15 23
170072759 43.108632 131.877533 21 20
170084404 43.113377 131.877372 13 19
170084413 43.115729 131.877761 28 25
170205850 43.116726 131.895195 9 10
172636559 43.117953 131.885707 24 28
172636588 43.117656 131.885916 73 29
175860922 43.118407 131.885146 17 34
175860923 43.118508 131.884776 18 28
176931304 43.118814 131.882924 12 10
176931305 43.118960 131.882334 22 36
176931307 43.118882 131.882707 21 31
178920911 43.122645 131.883550 20 35
179634630 43.117719 131.886753 26 57
179634635 43.119173 131.893185 20 20
179634637 43.119385 131.893255 19 12
179634639 43.119331 131.892621 11 14
180660288 43.117296 131.875913 39 46
180660291 43.110656 131.874803 36 32
180660293 43.110227 131.873182 55 42
198267758 43.116118 131.885077 40 66
198269469 43.114540 131.889808 26 17
198276559 43.106944 131.873454 62 96
221337542 43.114474 131.895042 10 16
221337547 43.114948 131.894435 43 52
221337548 43.115102 131.892456 48 25
221337549 43.114701 131.895167 28 44
221337550 43.114861 131.894071 20 28
221337551 43.115135 131.895118 24 15
221337553 43.114876 131.895125 16 23
221337555 43.115359 131.895232 25 24
226118587 43.124025 131.892948 30 38
226118589 43.124479 131.894354 26 32
226118614 43.123779 131.892457 35 35
226118615 43.123713 131.892918 34 36
236347398 43.123461 131.893201 29 33
236347405 43.122914 131.893767 22 25
239735344 43.124577 131.888996 6 8
243542258 43.109927 131.875932 37 48
243542259 43.112560 131.875204 7 8
243542260 43.108685 131.875807 19 20
243542261 43.108793 131.875046 30 40
243729883 43.116015 131.890942 17 18
243729893 43.116259 131.890133 12 13
256941173 43.112204 131.892987 95 138
257581836 43.115518 131.891446 17 8
257581838 43.115277 131.891145 3 2
257581840 43.118559 131.889946 21 22
257581841 43.115123 131.890993 29 43
269102563 43.121578 131.892887 20 25
286195384 43.118151 131.884785 20 30
286195385 43.117291 131.884811 23 24
286195386 43.117826 131.884980 36 39
286195387 43.117703 131.885487 40 21
290142499 43.113155 131.892809 18 19
290143853 43.115547 131.883194 107 79
292127581 43.123848 131.883600 17 26
292127583 43.123849 131.884010 10 19
292127584 43.123838 131.882087 22 15
323365810 43.115776 131.894379 5 8
344394122 43.118449 131.887352 16 15
346300389 43.113514 131.875980 82 71
375792887 43.121031 131.877381 23 20
383369310 43.110040 131.872871 46 36
383369311 43.109692 131.872845 34 60
385413930 43.116705 131.889728 2 3
456577161 43.117747 131.889396 3 3
462440448 43.114993 131.879461 19 17
462440460 43.112950 131.879065 14 7
462440468 43.109302 131.874936 60 36
462440472 43.111318 131.879332 8 10
462440482 43.112162 131.876121 8 8
462440489 43.109539 131.876199 32 17
462440494 43.112067 131.874097 6 6
462440499 43.110377 131.877978 9 13
462440505 43.114697 131.878251 11 49
462440508 43.115334 131.879493 22 14
462440510 43.109826 131.882444 24 20
462440511 43.108112 131.873247 62 49
462440512 43.111769 131.876814 9 12
462440514 43.111532 131.874277 15 15
462440519 43.112446 131.883653 8 9
462440523 43.115257 131.874959 7 7
462440525 43.116891 131.876458 5 5
462440528 43.109376 131.879046 9 8
462440530 43.113157 131.884597 11 9
462440531 43.113781 131.873911 12 15
462440532 43.115278 131.881316 7 7
462440536 43.115210 131.876512 11 12
462440539 43.112551 131.876548 37 54
462440541 43.110129 131.879203 15 21
462440542 43.114115 131.877877 5 7
462440543 43.114376 131.877237 11 53
462440548 43.112800 131.872485 11 11
462440551 43.114840 131.879382 5 6
462440554 43.111967 131.873860 20 12
462440561 43.111344 131.876368 18 17
462440563 43.109379 131.874813 63 37
462440566 43.112914 131.880389 4 4
462440568 43.115021 131.879663 27 18
462440573 43.110311 131.880969 62 22
462440575 43.113766 131.879714 50 46
462440579 43.111973 131.874331 6 5
462440581 43.114396 131.877670 5 3
462440582 43.111900 131.871501 12 10
462440583 43.113943 131.877487 24 29
462440586 43.110152 131.874601 13 12
462440588 43.108927 131.873305 18 6
462440590 43.110379 131.879262 45 19
462440593 43.111744 131.874940 7 7
462440597 43.114718 131.880774 12 9
462440600 43.114702 131.879479 12 13
462440602 43.111746 131.871876 85 54
462440604 43.107207 131.872212 9 9
462440610 43.109535 131.877751 22 11
462440618 43.113240 131.876214 4 4
462440621 43.111966 131.874121 11 10
462440623 43.114274 131.877277 8 41
462440625 43.111917 131.878163 10 18
462440627 43.110393 131.878119 11 9
462440632 43.109745 131.875212 17 13
462440634 43.114842 131.879280 6 7
462440637 43.114785 131.883911 7 7
462440646 43.111349 131.876532 14 14
462440649 43.110488 131.874517 36 30
462440651 43.115692 131.875305 21 20
462440670 43.108108 131.873612 16 17
462440678 43.110354 131.879402 22 10
462440680 43.110102 131.879846 8 7
462440681 43.111598 131.876953 8 13
462440683 43.108451 131.873291 46 31
462440685 43.111224 131.876271 21 19
462440691 43.109525 131.873114 20 12
462440693 43.114667 131.876404 10 10
462440707 43.114112 131.881517 13 8
462440712 43.113490 131.878011 14 19
462440714 43.110398 131.882429 13 14
462440725 43.116370 131.880130 17 12
462440729 43.114697 131.883327 52 21
462440734 43.114887 131.880167 37 12
462440741 43.109594 131.873916 18 17
462440745 43.109222 131.873474 45 34
462440746 43.117047 131.876981 5 5
462440750 43.114474 131.877850 20 22
462440751 43.109009 131.876026 63 33
462440756 43.112061 131.874330 5 10
462440758 43.116461 131.878725 12 23
462440761 43.113811 131.876670 13 13
462440763 43.114539 131.881043 10 5
462440765 43.107889 131.873370 35 29
462440766 43.109196 131.878982 8 16
462440771 43.114667 131.880117 11 7
462440778 43.111277 131.879495 5 6
462440785 43.111985 131.874249 7 6
462440790 43.113956 131.878297 15 11
462440792 43.107305 131.875229 15 9
462440793 43.112322 131.883527 33 21
462440797 43.112273 131.882895 17 12
462440802 43.108932 131.879518 7 7
462440808 43.108358 131.878582 18 20
462440810 43.114775 131.880888 6 6
462440827 43.115952 131.878499 40 42
462440833 43.111527 131.877366 8 9
462440839 43.114038 131.882156 8 10
462440840 43.112389 131.870985 17 13
462440842 43.111702 131.876997 8 10
462440856 43.109359 131.872905 21 32
462440857 43.113641 131.872973 31 37
462440859 43.115190 131.879514 9 9
462440863 43.111874 131.876889 19 29
462440866 43.110693 131.879910 11 9
462440868 43.116534 131.878552 16 13
462440871 43.114013 131.878074 5 7
462440872 43.108544 131.878304 36 16
462440873 43.113008 131.880294 11 17
462440875 43.110444 131.872503 34 24
462440876 43.108514 131.878460 43 22
462440879 43.110424 131.874409 35 30
462440885 43.110787 131.872373 23 15
462440886 43.116812 131.876734 4 4
462440887 43.111806 131.874870 6 6
462440888 43.112171 131.871323 9 8
462440900 43.113357 131.876670 5 5
462440902 43.116251 131.879884 4 5
462440904 43.112314 131.874900 13 20
462440905 43.114011 131.876970 20 21
462440908 43.115521 131.879672 7 6
462440910 43.108639 131.877185 8 12
462440911 43.112037 131.875285 6 6
462440913 43.110334 131.882154 22 17
462440916 43.108470 131.873554 27 16
462440920 43.111769 131.874283 5 5
462440922 43.113575 131.870907 51 50
462440925 43.116051 131.879318 14 21
462443160 43.117187 131.887475 3 4
462443164 43.119711 131.892410 18 27
462443165 43.116655 131.891415 8 13
462443170 43.122760 131.894287 73 68
462443171 43.122210 131.885970 22 11
462443173 43.123702 131.879796 22 15
462443174 43.119992 131.895275 11 14
462443178 43.116954 131.887391 6 7
462443179 43.115492 131.889219 14 12
462443181 43.121961 131.890245 5 6
462443183 43.124491 131.880714 9 6
462443184 43.122462 131.876798 15 11
462443185 43.119007 131.882840 14 13
462443189 43.120779 131.886192 7 9
462443192 43.121433 131.883960 7 9
462443199 43.114906 131.887830 18 12
462443202 43.123575 131.880360 19 30
462443204 43.120404 131.881019 25 36
462443206 43.123146 131.890426 6 5
462443207 43.123119 131.892510 40 33
462443212 43.123159 131.879553 15 24
462443214 43.113262 131.894061 5 10
462443215 43.116953 131.883535 13 19
462443219 43.115928 131.889326 12 9
462443223 43.119733 131.892207 7 10
462443231 43.117462 131.885059 7 5
462443234 43.120722 131.892473 12 8
462443235 43.113361 131.894131 6 5
462443237 43.121086 131.895059 5 6
462443240 43.120673 131.885432 27 16
462443245 43.120519 131.886202 9 11
462443246 43.121685 131.880548 14 14
462443248 43.121633 131.881273 16 20
462443249 43.119711 131.885231 12 11
462443251 43.113772 131.887494 5 8
462443254 43.118684 131.887377 19 27
462443255 43.123652 131.880000 23 28
462443261 43.115720 131.889605 12 12
462443263 43.117955 131.894276 6 8
462443264 43.117025 131.880817 22 13
462443268 43.116964 131.890613 19 18
462443270 43.122365 131.882522 48 17
462443271 43.123223 131.875244 19 18
462443274 43.119769 131.894427 18 14
462443278 43.113566 131.894314 8 21
462443287 43.122808 131.885869 19 14
462443288 43.120173 131.892289 11 8
462443290 43.122397 131.892683 27 21
462443296 43.123286 131.877669 14 32
462443297 43.119382 131.877441 22 12
462443298 43.112396 131.894248 29 74
462443299 43.120408 131.877088 9 9
462443306 43.119109 131.892368 53 24
462443307 43.112749 131.888762 17 24
462443309 43.121322 131.888075 13 11
462443310 43.116627 131.891860 7 5
462443312 43.121993 131.891397 7 11
462443315 43.122661 131.889860 20 24
462443321 43.120165 131.882678 5 5
462443325 43.112519 131.894925 11 12
462443326 43.114050 131.890935 6 8
462443327 43.122629 131.890580 4 6
462443332 43.120381 131.892387 59 20
462443333 43.119106 131.882455 21 37
462443334 43.124273 131.894710 15 22
462443339 43.121758 131.894294 36 24
462443340 43.120995 131.894482 9 12
462443341 43.119783 131.876654 25 21
462443342 43.123384 131.879851 37 82
462443344 43.122015 131.893714 6 6
462443345 43.122358 131.883909 19 26
462443347 43.113417 131.892068 14 13
462443348 43.120592 131.886458 14 11
462443358 43.122744 131.880321 6 7
462443360 43.122652 131.892750 13 14
462443364 43.115970 131.887455 31 37
462443365 43.120324 131.888552 14 18
462443366 43.115470 131.890244 15 10
462443370 43.119792 131.892055 14 12
462443375 43.118883 131.895312 14 9
462443381 43.119960 131.889313 17 46
462443382 43.121190 131.891012 12 9
462443389 43.120479 131.875541 38 31
462443390 43.120481 131.874392 35 39
462443392 43.122510 131.894226 81 65
462443393 43.120410 131.892554 59 21
462443398 43.120865 131.893399 6 4
462443400 43.121980 131.891120 4 5
462443401 43.123507 131.880295 9 14
462443404 43.120287 131.894527 8 8
462443409 43.118560 131.885306 12 10
462443413 43.120241 131.888655 4 4
462443420 43.120923 131.894395 14 11
462443430 43.115521 131.890498 14 22
462443433 43.120472 131.894438 7 5
462443436 43.122985 131.885597 39 45
462443437 43.121991 131.886321 15 12
462443438 43.117361 131.887238 23 27
462443443 43.124454 131.880142 12 7
462443447 43.116585 131.891826 5 7
462443450 43.122210 131.874999 17 17
462443457 43.123907 131.893598 20 26
462443466 43.123552 131.880706 35 21
462443470 43.113354 131.894531 11 17
462443482 43.113611 131.887963 16 14
462443483 43.119714 131.874316 78 29
462443487 43.117583 131.885598 15 18
462443488 43.121018 131.885283 8 7
462443489 43.119840 131.882363 9 9
462443492 43.116288 131.883954 14 7
462443494 43.122292 131.881129 10 8
462443495 43.113367 131.894319 7 10
462443497 43.121580 131.886188 10 6
462443498 43.123165 131.892742 34 32
462443500 43.117633 131.885156 3 4
462443504 43.114984 131.889049 9 9
462443505 43.120026 131.883217 15 21
462443506 43.119254 131.882644 9 9
462443507 43.121691 131.890950 7 7
462443509 43.120951 131.894163 13 12
462443511 43.119920 131.889643 6 6
462443512 43.123169 131.890875 9 5
462443518 43.119884 131.892084 5 5
462443520 43.122690 131.879888 9 12
462443521 43.123093 131.877538 39 34
462443522 43.123127 131.894794 29 36
462443523 43.113132 131.887795 43 34
462443524 43.119783 131.892180 4 6
462443526 43.120638 131.894306 13 10
462443528 43.122201 131.886408 8 10
462443530 43.123479 131.881420 13 26
462443531 43.119881 131.889844 12 30
462443532 43.123592 131.881031 11 15
462443534 43.121767 131.879488 34 42
462443537 43.123073 131.886835 7 7
462443546 43.116937 131.887481 7 9
462443551 43.121269 131.895035 18 21
462443553 43.121644 131.881808 10 7
462443554 43.120810 131.893250 22 11
462443557 43.121351 131.888353 7 5
462443559 43.123905 131.893250 9 9
462443567 43.123145 131.879905 50 80
462443570 43.121178 131.894094 19 15
462443572 43.123516 131.889256 9 9
462443573 43.120118 131.876962 22 19
462443575 43.113274 131.887992 38 20
462443587 43.116755 131.892615 42 27
462443600 43.123087 131.886082 31 17
462443602 43.122070 131.893615 5 6
462443604 43.119633 131.876809 14 13
462443606 43.121030 131.894253 9 8
462443608 43.124503 131.886417 6 7
462443612 43.116690 131.883421 11 13
462443613 43.119365 131.882516 9 9
462443616 43.121568 131.876474 14 17
462443618 43.124275 131.880648 27 15
462443619 43.123738 131.879432 47 17
462443624 43.115972 131.889231 6 10
462443628 43.124124 131.881672 11 12
462443629 43.116045 131.889129 9 8
462443640 43.112078 131.893881 9 9
462443641 43.124073 131.882665 11 12
462443642 43.119010 131.887781 7 12
462443649 43.112913 131.894178 34 10
462443650 43.119192 131.882513 20 24
462443652 43.122193 131.886169 18 9
462443654 43.119826 131.894234 10 11
462443656 43.122070 131.879351 8 11
462443661 43.120891 131.894535 12 10
462443662 43.111936 131.893815 9 8
462443665 43.123129 131.880528 31 31
462443669 43.121107 131.876950 16 23
462443671 43.121022 131.895141 9 7
462443675 43.117281 131.890150 3 4
462443676 43.122424 131.883722 8 11
462443680 43.122434 131.882367 38 18
462443683 43.121238 131.888498 18 9
462443684 43.120648 131.894570 5 6
462443688 43.118427 131.894292 12 28
462443693 43.117406 131.884311 17 10
462443695 43.119091 131.887802 9 12
462443696 43.122833 131.886037 11 11
462443699 43.121540 131.892616 13 8
462443700 43.122322 131.888738 11 10
462443702 43.118124 131.894267 18 17
462443703 43.121417 131.894750 18 19
462443704 43.123007 131.883801 9 11
462443706 43.120075 131.876605 32 30
462443710 43.118501 131.894696 9 6
462443712 43.113606 131.887642 27 26
462443718 43.124174 131.890594 12 12
462443720 43.120925 131.884528 14 14
462443721 43.121218 131.888339 9 7
462443722 43.123273 131.880662 18 13
462443723 43.123628 131.875418 37 15
462443725 43.119779 131.882504 14 14
462443732 43.124561 131.880139 12 7
462443735 43.122019 131.890270 10 8
462443736 43.123322 131.892514 39 35
462443743 43.118177 131.894694 12 23
462443745 43.122645 131.888733 13 8
462443746 43.116510 131.890405 4 5
462443749 43.120677 131.894205 11 10
462443750 43.122888 131.879829 13 12
462443751 43.123003 131.887315 7 6
462443752 43.120901 131.885242 11 8
462443754 43.121190 131.894313 7 5
462443757 43.113702 131.887735 7 7
462443758 43.123203 131.894308 12 16
462443760 43.120949 131.890372 6 7
462443762 43.113822 131.887219 6 8
462443766 43.124015 131.879926 12 49
462443770 43.119902 131.893630 8 6
462443771 43.115720 131.889455 9 11
462443774 43.120154 131.889223 6 8
462443775 43.124263 131.880147 13 10
462443779 43.124257 131.881428 21 12
462443782 43.117882 131.894182 14 29
462443783 43.123064 131.883690 8 7
462443785 43.121723 131.888795 9 16
462443788 43.119779 131.882653 7 7
462443789 43.112829 131.894571 5 5
462443790 43.118099 131.894449 13 11
462443791 43.119814 131.876791 21 16
462443795 43.124177 131.893921 32 42
462443799 43.114297 131.895212 15 9
462443801 43.118880 131.885622 10 7
462443802 43.121452 131.882611 23 14
462443803 43.120624 131.894447 15 10
462443805 43.120434 131.876112 15 13
462443806 43.119407 131.880029 41 23
462443810 43.121752 131.890199 28 11
462443811 43.112005 131.893845 9 9
462443812 43.122987 131.879889 10 9
462443815 43.115726 131.891471 8 7
462443816 43.118246 131.884021 9 6
469002130 43.108326 131.878925 6 6
469002147 43.111753 131.878423 9 6
469002148 43.114303 131.875951 30 28
469002153 43.116024 131.881785 12 9
469002157 43.113977 131.882442 14 10
469002160 43.113653 131.877232 18 7
469002161 43.113602 131.876992 18 9
469002162 43.113693 131.877919 16 7
469002163 43.113325 131.877866 23 26
469002165 43.111918 131.874717 22 18
469002166 43.113666 131.877474 15 7
469002171 43.113634 131.877158 18 8
469002172 43.115923 131.881333 29 12
469002173 43.109380 131.879525 27 11
469002175 43.116816 131.878742 41 20
469002178 43.113680 131.877696 15 7
469002181 43.109384 131.874438 8 9
469002183 43.111393 131.874440 13 12
469002185 43.113060 131.880337 8 11
469002188 43.114142 131.881928 15 20
469002189 43.107501 131.877701 58 41
469002190 43.113433 131.881871 17 7
469002191 43.111520 131.877058 8 7
469002194 43.113703 131.878071 16 7
469002195 43.106884 131.873626 71 100
469002196 43.107736 131.880891 11 11
469002198 43.111808 131.873906 24 21
469002199 43.109965 131.878945 41 14
469002205 43.107668 131.877412 6 7
469002206 43.111510 131.874821 9 8
469002209 43.113513 131.876627 14 8
469002213 43.111861 131.880181 33 22
469002220 43.115070 131.877989 19 18
469002225 43.108547 131.879032 19 18
469002228 43.106684 131.873885 20 14
469002242 43.113657 131.877310 15 8
469002245 43.112363 131.875371 22 28
469002254 43.113626 131.877081 18 8
469002284 43.115753 131.881465 6 7
469002294 43.108363 131.873785 33 24
469002298 43.113708 131.878142 16 6
469002307 43.112402 131.875779 17 14
469002309 43.112601 131.876079 22 17
469002311 43.113205 131.884371 6 6
469002314 43.108782 131.874165 59 42
469002315 43.110939 131.879901 31 76
469002316 43.109464 131.876565 16 10
469002321 43.113402 131.879095 15 13
469002322 43.114515 131.878348 29 69
469002323 43.116270 131.880435 42 40
469002326 43.111552 131.876328 25 22
469002333 43.116071 131.882106 17 22
469002337 43.114018 131.881005 25 24
469002340 43.114596 131.875728 15 17
469002350 43.108250 131.876589 15 15
469002351 43.113529 131.876723 14 8
469002352 43.113487 131.877387 6 12
469002358 43.113557 131.876813 19 8
469002360 43.113662 131.877392 15 8
469002365 43.108857 131.877837 35 22
469002367 43.106789 131.872246 31 37
469002368 43.112745 131.876109 11 16
469002370 43.116482 131.881109 19 21
469002374 43.111584 131.878513 3 2
469002375 43.113474 131.877607 15 21
469002379 43.107634 131.877180 27 37
469002380 43.111584 131.878588 7 11
469002382 43.111864 131.874469 17 16
469002384 43.112358 131.876100 4 5
469002386 43.111481 131.874769 8 7
469002387 43.108003 131.876403 24 15
469002388 43.113676 131.877622 15 7
469002390 43.113684 131.877770 15 7
469002392 43.113027 131.876171 23 31
469002395 43.113611 131.878675 24 63
469002398 43.109499 131.876394 25 14
469002400 43.112477 131.875960 16 18
469002402 43.109506 131.878534 10 7
469002403 43.113190 131.877171 21 36
469002410 43.113937 131.882525 18 10
469002411 43.113826 131.879006 30 34
469002416 43.112092 131.874891 15 17
469002419 43.107767 131.881203 43 50
469002421 43.116382 131.876013 24 23
469002422 43.116066 131.881568 14 15
469002426 43.115870 131.882046 39 24
469002427 43.113583 131.876902 20 8
469002430 43.109462 131.879283 10 9
469002432 43.113127 131.880176 6 7
469002433 43.107686 131.876517 16 14
469002438 43.111009 131.880179 38 51
469002441 43.109561 131.878711 35 26
469002445 43.107602 131.876895 7 7
469002446 43.114922 131.874207 42 38
469002447 43.113792 131.882046 3 3
469002450 43.113688 131.877843 16 7
469002451 43.108053 131.878444 9 9
469002452 43.113837 131.882310 22 12
469002454 43.111381 131.874713 16 19
469002456 43.110885 131.878467 22 11
469002457 43.116391 131.881516 26 20
469002464 43.114127 131.875525 112 66
469002466 43.109982 131.881780 10 9
469002470 43.106666 131.872030 31 33
469002474 43.114271 131.880710 50 22
469002475 43.106827 131.873781 68 95
469002476 43.111682 131.874011 15 13
469002478 43.106612 131.873713 10 9
469002479 43.116372 131.881321 39 24
469002481 43.107633 131.875121 16 48
469002487 43.112455 131.875681 5 5
469002489 43.113325 131.878610 29 63
469002491 43.111488 131.878385 32 16
469002497 43.114364 131.879770 70 25
469002498 43.113670 131.877550 15 7
469002499 43.116090 131.881448 13 11
469002500 43.111634 131.878456 3 5
469002501 43.110658 131.881434 9 14
469002502 43.106833 131.874073 7 7
469002506 43.107911 131.876810 5 5
469002508 43.112183 131.881670 34 28
469002516 43.113697 131.877995 16 7
469002517 43.113920 131.884421 35 45
469002519 43.112249 131.875787 17 15
469002520 43.107949 131.874962 47 29
469002526 43.112379 131.875664 10 10
469002527 43.116149 131.881745 26 34
469002534 43.112020 131.879579 26 19
469002537 43.113704 131.878247 18 14
470934983 43.119577 131.889659 18 28
471301889 43.119829 131.890084 12 13
471301890 43.120184 131.890160 24 18
471301896 43.120752 131.885013 19 14
471301897 43.117721 131.884946 22 10
471301902 43.122411 131.887498 14 8
471301904 43.116714 131.884528 8 8
471301914 43.123693 131.881441 27 13
471301916 43.118168 131.881362 5 4
471301918 43.118197 131.880114 26 34
471301919 43.117140 131.881078 20 27
471301920 43.122402 131.888425 21 19
471301942 43.121994 131.875618 21 13
471301946 43.116953 131.881504 16 16
471301948 43.115446 131.890346 12 12
471301963 43.118757 131.881731 20 33
471301968 43.119389 131.881273 19 13
471301969 43.116359 131.891682 18 17
471301976 43.122817 131.886325 32 50
471301983 43.117235 131.881162 20 41
471301996 43.120295 131.876300 27 25
471301999 43.114535 131.885636 17 17
471302000 43.120407 131.884650 27 47
471302002 43.123827 131.886662 8 8
471302003 43.119382 131.884788 16 22
471302005 43.116880 131.888016 11 16
471302013 43.117963 131.883415 8 13
471302017 43.115819 131.890810 11 12
471302019 43.120344 131.874545 37 41
471302034 43.117956 131.888154 29 18
471302035 43.121073 131.884831 53 24
471302036 43.119260 131.882310 13 12
471302039 43.123306 131.882570 18 30
471302042 43.117299 131.880394 13 21
471302047 43.117823 131.883512 10 12
471302050 43.123354 131.886223 15 10
471302051 43.123186 131.888975 18 9
471302055 43.121112 131.893827 32 12
471302056 43.115889 131.891291 14 13
471302061 43.120475 131.888075 9 6
471302065 43.120035 131.888904 8 9
471302066 43.122599 131.885935 18 21
471302068 43.121086 131.882338 11 8
471302072 43.116713 131.882094 13 20
471302079 43.121130 131.885253 10 12
471302080 43.115237 131.889338 17 10
471302087 43.121834 131.876410 24 17
471302089 43.116196 131.887504 24 44
471302095 43.122344 131.888850 3 4
471302107 43.122575 131.887131 14 15
471302111 43.117791 131.885174 7 11
471302113 43.122236 131.891800 15 10
471302119 43.122161 131.888696 21 15
471302120 43.121447 131.881915 14 13
471302121 43.122784 131.877148 13 12
471302125 43.121748 131.884116 25 17
471302126 43.116889 131.881698 11 14
471302127 43.120778 131.884859 23 21
471302128 43.119944 131.888913 11 8
471302133 43.116169 131.891484 14 15
471302142 43.119101 131.892782 20 19
471302148 43.120000 131.881638 24 21
471302152 43.121282 131.881757 12 16
471302153 43.116077 131.890089 12 13
471302154 43.116959 131.883841 23 14
471302155 43.117768 131.882339 17 24
471302163 43.115805 131.890348 13 13
471302169 43.121205 131.878139 65 41
471302179 43.117465 131.881472 14 10
471302187 43.117047 131.880638 56 50
471302196 43.115911 131.890146 14 15
471302197 43.124392 131.879504 52 29
471302216 43.122512 131.894473 77 66
471302238 43.124217 131.881626 12 10
471302241 43.117170 131.881827 19 25
471302250 43.121341 131.882808 17 15
471302262 43.117453 131.884764 16 12
471302265 43.115807 131.890690 11 11
471302273 43.118091 131.880670 34 64
471302278 43.122416 131.877579 17 20
471302285 43.121086 131.884574 13 10
471302286 43.123976 131.887584 17 25
471302287 43.117009 131.880250 29 29
471302288 43.121853 131.885619 18 37
471302289 43.115931 131.891409 17 16
471302290 43.115996 131.891068 14 14
471302292 43.116688 131.881652 21 29
471302296 43.121018 131.881566 26 42
471302297 43.115857 131.891178 11 12
471302300 43.122393 131.887624 53 34
471302302 43.121499 131.887868 25 12
471302304 43.121126 131.882930 17 28
471302305 43.119685 131.880940 18 36
471302310 43.118294 131.882668 16 27
471302312 43.121214 131.882582 26 31
471302313 43.122680 131.880200 13 14
471302322 43.120004 131.890167 19 15
471302323 43.117959 131.885462 30 27
471302326 43.116168 131.890112 12 13
471302328 43.116723 131.889266 29 20
471302337 43.121761 131.883847 23 36
471302338 43.115105 131.894475 15 38
471302339 43.118274 131.882200 15 28
471302343 43.115831 131.890936 11 11
471302345 43.118892 131.887317 26 26
471302346 43.115615 131.889781 16 22
471302347 43.121414 131.886586 30 20
471302351 43.123721 131.881340 19 15
471302356 43.122583 131.886156 20 21
471302365 43.116934 131.889471 24 28
471302373 43.115464 131.889555 19 25
471302375 43.113027 131.893149 31 17
471302383 43.122893 131.887801 62 31
471302389 43.117167 131.889585 21 22
471302391 43.122243 131.884236 32 34
471302392 43.118166 131.884495 18 17
471302396 43.117330 131.879884 31 46
471302399 43.121082 131.882184 29 17
471302404 43.121319 131.881532 14 24
471302413 43.117222 131.882047 30 16
471302419 43.121417 131.881671 32 47
471302422 43.122794 131.887181 11 17
471302423 43.122960 131.891229 8 13
471302424 43.121327 131.887010 6 11
471302427 43.116845 131.881830 15 17
471302429 43.121556 131.888367 40 26
471302433 43.119432 131.879726 16 20
471302435 43.117948 131.883235 19 19
471302440 43.120926 131.881962 19 31
471302441 43.121129 131.879000 20 21
471302442 43.117833 131.883213 14 20
471302444 43.116252 131.891580 18 18
471302447 43.116124 131.891377 15 15
471302452 43.117076 131.889939 2 4
471302454 43.117855 131.884770 4 6
471302455 43.123795 131.882945 36 24
471302459 43.118960 131.884752 11 26
471302460 43.118611 131.880667 22 49
471302467 43.117383 131.880909 32 15
471302469 43.115914 131.885990 39 50
471302474 43.122024 131.883842 41 32
471302475 43.116418 131.889778 50 17
471302478 43.118357 131.890231 34 34
471302481 43.124267 131.884084 31 96
471302484 43.117532 131.883724 34 21
471302486 43.117007 131.881263 37 20
471302489 43.122190 131.883938 11 24
471302491 43.123903 131.880747 30 37
471302492 43.121426 131.892519 13 12
471302493 43.119008 131.882093 15 10
471302494 43.122761 131.884976 6 7
471302499 43.120291 131.876518 12 12
471302502 43.116840 131.883837 10 16
471302505 43.121368 131.893751 33 25
471302512 43.116716 131.892018 15 10
471302517 43.115796 131.890579 11 10
471302518 43.112980 131.892592 33 46
471302528 43.117463 131.883902 18 12
471302531 43.122666 131.879633 34 20
471302534 43.116692 131.889442 27 21
471302536 43.115789 131.890466 11 12
471302537 43.118524 131.880159 56 30
471302539 43.120137 131.883007 31 20
471302542 43.119568 131.881325 24 15
471302544 43.118820 131.881356 16 18
471302546 43.117926 131.884748 16 22
471302547 43.114580 131.887171 46 64
471302551 43.117191 131.881547 26 27
471302552 43.116169 131.889300 6 8
471302565 43.116524 131.892183 22 40
471302567 43.115989 131.890094 12 13
471302572 43.119143 131.884837 14 20
471302582 43.115370 131.889880 20 18
471302585 43.119146 131.884533 26 10
471302589 43.120225 131.874618 52 48
471302591 43.119520 131.880751 37 22
471302594 43.120196 131.888088 34 21
471302598 43.117079 131.881450 10 15
471302599 43.120084 131.884347 17 25
471302608 43.121678 131.882649 27 56
471302610 43.120506 131.885595 4 4
471302618 43.121312 131.882078 17 29
471302637 43.123828 131.888945 19 27
471302649 43.123742 131.880848 23 14
471302653 43.118510 131.882240 16 9
471302654 43.117801 131.883376 12 11
471302659 43.120902 131.888605 39 20
471302660 43.123889 131.884283 6 12
471302663 43.116940 131.884486 9 11
471302665 43.120809 131.884555 19 34
471302667 43.117036 131.882234 50 25
471302686 43.114899 131.891389 35 31
471302688 43.120154 131.881072 24 30
471302700 43.120739 131.884436 12 19
471302704 43.116037 131.891170 14 14
471302727 43.118355 131.882311 12 17
471302729 43.114306 131.890556 41 21
471302738 43.122288 131.889804 8 9
471302741 43.120707 131.893145 42 21
471302747 43.115252 131.890549 4 5
471302751 43.115108 131.887159 13 16
471302753 43.118295 131.881005 14 9
471302756 43.115486 131.891116 8 26
471302758 43.123492 131.882209 40 24
471302759 43.118678 131.882100 20 28
471302765 43.121174 131.890479 36 19
471302766 43.122813 131.877599 26 65
471302768 43.115843 131.891058 11 11
471302775 43.122472 131.886445 19 23
471302779 43.121257 131.892861 5 4
471302781 43.121457 131.882842 13 14
471302783 43.119512 131.881166 40 18
471302785 43.121650 131.891653 43 31
471302786 43.122784 131.882043 17 16
471302789 43.116899 131.881342 15 11
471302791 43.122169 131.875640 10 17
471302799 43.118412 131.882276 3 3
471302801 43.120113 131.887679 27 41
471302802 43.118134 131.882500 19 23
471302805 43.118828 131.884935 9 20
471302810 43.121127 131.884741 30 13
471302811 43.122004 131.884156 31 27
471302819 43.117632 131.880796 13 13
471302823 43.122508 131.884187 36 50
471302832 43.115550 131.888961 23 36
471302855 43.118276 131.882419 7 9
471302858 43.117697 131.883810 21 14
471302859 43.117025 131.888003 22 11
471302861 43.115846 131.890235 15 15
471302862 43.124507 131.879892 10 8
471302866 43.115428 131.890036 17 11
471302869 43.115572 131.892140 5 5
471302874 43.121911 131.889149 16 19
471302890 43.121126 131.890715 12 15
471302891 43.121711 131.893404 9 14
471302894 43.122415 131.882148 6 8
471302900 43.113917 131.892429 10 9
471302901 43.118003 131.883559 11 10
471302904 43.123531 131.884511 44 32
471302906 43.124406 131.882284 5 6
471302910 43.117547 131.879937 37 44
471302911 43.116079 131.891270 14 14
471302915 43.116752 131.881357 20 21
471302916 43.119866 131.882934 18 14
471302918 43.115559 131.891151 18 47
471302919 43.121231 131.878612 23 50
471302920 43.120922 131.884658 18 13
471302922 43.119622 131.883892 37 37
471302923 43.122894 131.879480 38 19
471302927 43.122278 131.894506 41 33
471302929 43.118580 131.881894 7 6
471302931 43.121974 131.888922 18 23
471302936 43.117710 131.880856 18 25
471302937 43.120653 131.886156 14 13
471302944 43.122027 131.888577 20 25
471302945 43.115804 131.889483 10 11
471302949 43.114006 131.888648 7 8
471302950 43.114631 131.894323 23 16
471302952 43.116944 131.881964 17 15
471302957 43.122993 131.884218 28 56
471302961 43.118507 131.882000 29 18
471302963 43.118617 131.895303 7 13
471302964 43.121428 131.889373 37 32
471302966 43.117364 131.881455 12 14
473673161 43.121531 131.885391 29 30
478008125 43.116200 131.887874 23 17
478023982 43.121162 131.875994 10 7
478789301 43.108494 131.875769 15 11
480330582 43.122347 131.882121 13 10
480330583 43.122572 131.882210 16 9
480330614 43.122303 131.885021 7 5
480330615 43.122809 131.884589 5 4
480330626 43.117232 131.886691 8 8
480330645 43.118589 131.885395 3 2
480330671 43.119508 131.885846 24 50
480346095 43.120674 131.885040 5 10
480346097 43.120658 131.884444 9 13
480346100 43.119976 131.882390 7 7
480346106 43.119705 131.882883 14 25
480346115 43.120907 131.882861 5 9
480346131 43.119725 131.889582 8 6
481489062 43.116645 131.889101 5 9
481489068 43.115906 131.889231 3 3
481489076 43.119821 131.883903 7 7
481489083 43.117396 131.885015 7 9
481489091 43.118621 131.885054 2 2
481489095 43.119131 131.884979 4 4
481489100 43.116364 131.884405 19 11
481489137 43.121337 131.888283 7 5
481489138 43.121345 131.888410 6 5
481489148 43.122063 131.882408 9 9
481489152 43.121464 131.886406 21 25
481489158 43.121370 131.885939 13 16
481489159 43.121593 131.885877 44 15
481489161 43.121249 131.887090 4 6
481489162 43.121261 131.886999 2 4
481526391 43.119591 131.881002 14 23
481526397 43.117718 131.879921 11 21
481526407 43.119482 131.882047 13 7
481526411 43.119365 131.882450 6 4
481526416 43.119571 131.881470 13 14
481526421 43.119487 131.881713 9 7
481526452 43.117301 131.890138 3 4
481526455 43.117136 131.889954 9 7
481536823 43.116344 131.881118 15 11
481536828 43.118417 131.882315 3 3
481536833 43.116996 131.881384 11 10
481536851 43.117261 131.881400 7 6
481719245 43.114315 131.882162 5 6
481719248 43.117601 131.883775 3 2
481719256 43.117863 131.883393 7 11
481719258 43.117779 131.883581 9 7
481719261 43.117745 131.883458 13 11
481719283 43.117102 131.883332 5 12
481719301 43.116550 131.880137 3 4
481719303 43.116493 131.880047 5 4
481719323 43.116915 131.878296 3 5
481719334 43.112674 131.880326 7 7
481719342 43.113015 131.880135 6 7
481719344 43.113090 131.880398 5 4
481719346 43.113107 131.880485 5 5
481719348 43.113167 131.880189 5 6
481719366 43.114521 131.881118 6 8
481724694 43.113845 131.880756 4 4
481724695 43.113957 131.880789 4 4
481724700 43.114035 131.881178 13 17
481745487 43.119406 131.880393 12 5
481745488 43.119330 131.880357 6 4
481745502 43.119013 131.889050 4 7
481745508 43.117362 131.888713 25 18
481745517 43.123417 131.881874 8 7
481745519 43.117330 131.884296 6 11
482168039 43.113482 131.880361 8 6
482338164 43.114513 131.894868 7 8
482338190 43.115433 131.888484 7 5
484645380 43.118662 131.881313 24 15
484645511 43.120777 131.875685 15 13
488169042 43.119966 131.885198 9 11
488169044 43.119689 131.884894 19 33
492685728 43.121054 131.879191 25 23
494368327 43.115509 131.875105 35 31
497564815 43.117984 131.892841 8 13
504121463 43.117940 131.878417 6 7
504121464 43.117992 131.878603 5 10
513478130 43.119020 131.881985 14 15
518150604 43.116582 131.893747 19 49
518150611 43.115694 131.895215 4 3
518165479 43.117167 131.895261 8 19
518199115 43.117717 131.893860 4 3
518199116 43.117770 131.893774 4 4
518199117 43.117729 131.894140 10 19
518199119 43.117461 131.894174 15 8
518461480 43.116075 131.889831 10 6
518461482 43.116464 131.891926 3 6
518461484 43.116622 131.891813 3 4
518461486 43.117369 131.890379 6 6
518461489 43.116726 131.889904 4 5
518461492 43.116305 131.890313 6 5
518461493 43.116238 131.890352 6 3
518461494 43.116504 131.890615 7 7
518461495 43.116428 131.890547 13 13
518461499 43.116972 131.891143 7 9
518461508 43.117418 131.892307 7 8
518473010 43.114834 131.894241 17 9
519246920 43.122883 131.886682 13 33
519255454 43.121892 131.885966 11 7
519255455 43.122018 131.886015 11 7
519255457 43.121469 131.885735 7 5
519454439 43.122575 131.887300 21 17
519482354 43.119849 131.889329 7 13
519482370 43.120485 131.890101 6 5
519482371 43.119056 131.892138 10 9
519482372 43.119160 131.891882 39 24
519482373 43.119480 131.890468 18 7
519482380 43.120103 131.890733 6 7
519482385 43.119808 131.889650 8 15
519482396 43.119591 131.888832 8 15
519482398 43.119566 131.889228 12 15
519778305 43.117537 131.887068 10 8
519778310 43.117415 131.886607 8 5
519778316 43.117010 131.888452 7 6
519815510 43.121153 131.885577 3 4
519815514 43.121065 131.885277 5 9
519815517 43.120518 131.885648 4 4
521168475 43.116040 131.877758 9 9
521392926 43.115209 131.878698 10 10
521392950 43.115088 131.879521 7 7
521392952 43.114274 131.879437 20 12
521392953 43.114638 131.879531 5 5
521392954 43.114647 131.878973 4 4
521431315 43.111939 131.879889 14 14
521431318 43.113304 131.879481 9 8
521431320 43.112489 131.880821 5 6
521431322 43.112605 131.880216 5 6
521431323 43.113124 131.880367 5 4
521431336 43.112742 131.882006 7 6
521438211 43.115803 131.880983 5 5
521438212 43.115920 131.881574 6 4
521453121 43.109779 131.880646 11 21
521453122 43.109941 131.880772 9 13
521453125 43.109531 131.880685 6 10
521453138 43.109755 131.879106 6 6
521453141 43.110053 131.879257 4 6
521453144 43.109667 131.878588 11 7
521453145 43.109848 131.878234 23 19
521453152 43.109088 131.878837 7 6
521453160 43.109693 131.879683 5 6
521453162 43.109187 131.879448 7 6
521461568 43.119067 131.882169 3 2
521461569 43.119079 131.882109 4 9
521677097 43.109910 131.873436 6 6
521677098 43.109674 131.873866 5 5
521677101 43.110516 131.874705 17 18
521677102 43.111667 131.877838 8 19
521686028 43.111399 131.876421 7 7
521686045 43.112383 131.876128 6 6
521686062 43.111682 131.875041 5 5
521686063 43.111631 131.875201 16 18
521705411 43.115280 131.874729 28 23
521705418 43.114503 131.875821 15 14
521705419 43.115394 131.876080 48 48
521721300 43.110643 131.880377 5 4
521721302 43.110940 131.880605 5 5
521721308 43.111117 131.879448 4 4
521721310 43.111181 131.879342 4 4
521721312 43.111116 131.879262 9 13
521721320 43.112087 131.879133 18 10
521732927 43.114103 131.880817 14 17
521949568 43.113931 131.880780 4 4
521949569 43.113980 131.880797 3 4
521949571 43.114759 131.881146 6 5
521949572 43.114672 131.881117 6 5
521949573 43.114715 131.881131 6 5
523542221 43.112562 131.871247 9 10
526359077 43.109651 131.877790 7 7
526359085 43.110048 131.879112 4 6
526359100 43.109912 131.879782 36 14
526389498 43.109209 131.876028 7 5
526389500 43.109120 131.875966 7 5
526389509 43.109693 131.876296 9 11
526389525 43.109287 131.874551 14 11
526389527 43.109163 131.874457 5 5
526389539 43.110109 131.875505 4 4
526614941 43.107271 131.874059 5 6
527689507 43.115755 131.888900 1 1
527689508 43.115741 131.888916 4 3
527689509 43.115735 131.888945 4 3
527689510 43.115728 131.888972 4 3
527689511 43.115722 131.889001 4 3
527689512 43.115715 131.889030 4 3
527689517 43.115689 131.889285 3 3
527689524 43.115752 131.889500 3 5
527689537 43.116394 131.889849 4 4
527689547 43.116062 131.889943 10 3
527689548 43.115865 131.889328 3 3
527689555 43.115557 131.889920 2 2
527689556 43.115571 131.889925 2 2
527689557 43.115584 131.889930 2 2
527689558 43.115598 131.889935 2 2
527689559 43.115623 131.889944 4 3
527689560 43.115573 131.889164 2 2
527689574 43.115423 131.890081 1 1
527689582 43.115525 131.890119 3 3
527689583 43.115242 131.890606 4 5
527689586 43.115065 131.890443 16 13
527689590 43.115306 131.889977 8 6
527689601 43.115432 131.891288 6 5
527689602 43.115451 131.891179 4 8
527689603 43.116398 131.890352 5 5
527689604 43.116428 131.890361 3 5
527689605 43.116453 131.890378 4 5
527689606 43.116481 131.890391 4 5
527689612 43.116297 131.890435 5 5
527689613 43.116319 131.890460 5 6
527689614 43.116369 131.890496 6 6
527689615 43.116344 131.890478 6 6
527689618 43.116628 131.890900 5 5
527704540 43.116688 131.891319 5 4
527704541 43.116696 131.891285 5 4
527704543 43.116668 131.890948 5 5
527704544 43.116721 131.891179 5 4
527704545 43.116712 131.891216 5 4
527704547 43.116704 131.891251 5 4
527718119 43.117295 131.890339 3 4
527718120 43.117240 131.890174 3 4
527718121 43.117262 131.890161 3 4
531374746 43.118656 131.882367 3 2
531374752 43.118094 131.881680 2 2
531374753 43.118133 131.881692 2 2
531374755 43.118465 131.881140 7 7
531374760 43.118733 131.881423 3 3
531374766 43.118325 131.881160 3 3
531384366 43.114969 131.883145 12 22
531573812 43.116110 131.886514 14 9
531573829 43.116396 131.886374 3 2
531577225 43.118747 131.881556 5 7
531600239 43.116296 131.887757 6 8
531600241 43.116324 131.887650 4 3
531600243 43.116397 131.887395 5 6
531600246 43.115844 131.887052 2 2
531600248 43.116284 131.887419 8 26
531609329 43.116666 131.883516 8 7
531609330 43.116616 131.883381 12 12
531609331 43.116816 131.883398 4 4
531609333 43.116751 131.883451 10 13
531609334 43.116881 131.883474 8 11
531609335 43.116947 131.882979 3 4
531618840 43.117351 131.884986 4 8
531618850 43.117991 131.884878 8 5
531856777 43.117051 131.882003 13 14
531856779 43.117105 131.881697 6 7
531856782 43.116947 131.880916 5 5
531856783 43.117006 131.880888 17 7
531856784 43.117116 131.880112 10 8
531856785 43.117188 131.880445 2 4
531883659 43.116778 131.888076 1 2
531883669 43.116895 131.887780 6 4
531883705 43.117288 131.886742 4 11
535157798 43.113364 131.893940 5 11
535157799 43.113295 131.893794 4 6
535407837 43.122833 131.888585 5 6
535407844 43.123349 131.889014 6 5
535407845 43.123417 131.889040 6 5
535493638 43.121335 131.888565 5 7
535493653 43.121012 131.888001 23 10
535493666 43.121686 131.889031 3 5
535493684 43.121100 131.889814 25 13
535493694 43.121051 131.890457 6 4
535493700 43.121119 131.890482 4 4
535493731 43.122032 131.891519 4 4
535493733 43.122208 131.891196 6 4
535493783 43.122221 131.889108 8 11
535840352 43.120939 131.892516 6 4
535840355 43.120053 131.893163 6 6
535840356 43.119997 131.893194 4 4
535840361 43.120797 131.893488 6 4
535840362 43.120809 131.893441 6 4
535840364 43.120842 131.893608 4 5
535840365 43.120877 131.893619 4 5
535840369 43.120585 131.893861 7 5
535840370 43.120662 131.893943 5 4
536784832 43.119733 131.892533 2 5
536784836 43.119795 131.892319 3 3
536784837 43.119982 131.892104 4 5
536784838 43.120026 131.892083 4 5
536784839 43.119866 131.892237 9 8
536820682 43.119167 131.887906 7 5
536820688 43.119135 131.889278 6 4
536820695 43.120082 131.887906 3 3
536820696 43.119974 131.887607 3 2
536820703 43.119722 131.888823 9 6
536820724 43.119885 131.889603 3 3
536820754 43.120369 131.888729 5 9
536820756 43.120233 131.888700 4 4
537017754 43.118498 131.893265 14 9
537068715 43.119619 131.892289 2 2
537068716 43.119558 131.892389 5 11
537068717 43.119614 131.892100 4 3
537068721 43.119412 131.892393 7 5
537068722 43.119490 131.892412 12 6
537302244 43.120611 131.894557 4 5
537302245 43.120566 131.894562 4 5
537302246 43.120538 131.894551 4 5
537302251 43.120728 131.894103 4 8
537573225 43.121171 131.892674 4 6
537573229 43.121746 131.892578 14 9
537573261 43.121945 131.893782 5 6
537573264 43.121334 131.894927 7 5
537573265 43.121278 131.895201 6 5
539137568 43.123539 131.892376 5 5
539140880 43.122797 131.892763 22 11
539140881 43.122632 131.892869 12 10
539140882 43.122777 131.892914 23 13
539147469 43.122452 131.892867 9 8
539149554 43.123603 131.893321 15 13
539149562 43.122184 131.893588 5 6
539149564 43.122119 131.893664 5 6
539149565 43.122095 131.893640 5 6
539149566 43.122126 131.893418 11 9
539149567 43.121991 131.893465 6 6
542019337 43.118482 131.890433 9 12
542019345 43.118613 131.887981 3 3
542019351 43.118852 131.887518 4 14
542019367 43.117756 131.888433 4 4
542019368 43.117821 131.888395 3 3
542019372 43.118517 131.888568 3 3
542351959 43.116280 131.893076 3 4
542351960 43.116307 131.893085 3 4
542351961 43.116334 131.893094 3 4
542351962 43.116362 131.893103 3 4
542351963 43.116389 131.893115 3 4
542351965 43.116462 131.892877 7 6
542351968 43.116417 131.893125 3 4
542351969 43.116441 131.893138 3 4
542351970 43.116511 131.893456 6 4
542351971 43.116405 131.893673 4 6
542351972 43.116375 131.893662 4 7
542351977 43.115968 131.891509 6 5
542351987 43.117009 131.892217 5 7
542351990 43.116953 131.892840 7 5
542351991 43.117017 131.892851 7 5
542532632 43.124473 131.895119 6 5
542532634 43.124292 131.894566 6 5
542532644 43.124158 131.893526 36 39
542532645 43.124381 131.893866 18 19
542532647 43.123721 131.892057 5 5
545128480 43.116485 131.880428 11 29
546720666 43.114897 131.877995 6 7
546720669 43.114787 131.878091 6 9
546734683 43.115303 131.876183 39 39
546734692 43.116040 131.875410 8 8
546738928 43.117029 131.876943 5 5
546738929 43.117751 131.878586 4 6
546738930 43.118019 131.878487 4 5
546748442 43.115508 131.877692 23 6
546748445 43.116571 131.878482 10 6
546759379 43.113740 131.882094 4 4
546934251 43.116408 131.879688 3 4
546934261 43.116526 131.879331 5 3
546941737 43.113202 131.880233 4 5
546941752 43.113540 131.878500 16 41
546941762 43.113757 131.878830 10 16
546944753 43.113802 131.880742 3 4
546944754 43.113823 131.880749 3 4
552481560 43.122188 131.882981 12 10
553186254 43.117135 131.876266 29 23
553186255 43.116154 131.875366 3 3
553186260 43.116663 131.876173 5 5
553186264 43.116098 131.875750 44 39
553186265 43.116772 131.876508 62 56
553186273 43.115428 131.875179 5 4
553191317 43.120132 131.884445 6 11
553194088 43.121394 131.882332 7 10
553194090 43.121439 131.881819 4 4
553202633 43.119652 131.883056 6 6
553372645 43.120095 131.883297 4 5
553372646 43.120125 131.883162 5 6
553376725 43.122208 131.877835 7 5
553376729 43.122162 131.877818 4 4
553376736 43.122311 131.879831 18 16
553376739 43.121314 131.880820 12 8
553376744 43.121881 131.880242 6 6
553376745 43.121895 131.880334 5 5
553376746 43.121905 131.880569 4 4
553376752 43.122052 131.880093 7 7
553376753 43.121586 131.880020 7 6
558708082 43.116867 131.882405 30 19
558942834 43.117730 131.883671 11 13
558942835 43.117878 131.883590 23 26
558944940 43.119090 131.879922 23 12
565668417 43.114902 131.884530 8 14
568800684 43.121028 131.894088 4 4
568820175 43.124033 131.893619 5 5
569160270 43.121516 131.884962 6 7
569160274 43.121481 131.883943 2 2
569201628 43.120013 131.887652 3 3
569201642 43.119840 131.885759 9 9
569201659 43.121753 131.885747 6 5
569201662 43.121528 131.885574 17 8
569870302 43.121564 131.886255 11 9
573427918 43.111250 131.878366 48 43
581150645 43.116413 131.884834 5 4
581150646 43.116421 131.884904 8 8
581150647 43.117175 131.884351 2 2
581428073 43.117227 131.883097 8 8
581428080 43.116333 131.884874 8 16
581428081 43.116234 131.885297 10 7
581445820 43.115798 131.887125 2 2
581445821 43.116157 131.887788 11 8
581462296 43.116057 131.889372 5 6
581481141 43.115664 131.889452 7 7
581495793 43.115096 131.892316 7 5
581495794 43.114883 131.892055 15 8
581495796 43.114847 131.891941 30 18
581495798 43.114963 131.892125 7 7
581495799 43.115276 131.892186 6 7
581495800 43.115515 131.892146 4 4
581756378 43.116439 131.882244 3 3
581756381 43.115674 131.880871 11 15
581756385 43.115825 131.881919 9 5
581756388 43.115782 131.881280 5 5
581756389 43.115790 131.881081 4 6
581756392 43.116039 131.881884 6 9
581780823 43.114909 131.881194 6 5
581780830 43.115281 131.881243 4 3
581780832 43.114866 131.880915 5 5
581780833 43.114510 131.880955 5 5
581791688 43.113944 131.880900 3 4
581791704 43.113589 131.881080 5 17
581791705 43.114034 131.880820 3 4
581815123 43.112507 131.880531 7 14
581815132 43.112907 131.879098 5 3
581815170 43.112544 131.880542 5 5
581815172 43.112534 131.880595 5 5
581834648 43.114598 131.882554 3 3
581834650 43.115037 131.882738 5 4
581834652 43.115005 131.882968 6 4
582731157 43.114877 131.883904 7 7
582758762 43.113963 131.882593 13 6
582765910 43.113188 131.882140 4 5
582765911 43.113629 131.881933 7 5
582765912 43.113555 131.881911 6 4
583101276 43.114907 131.883265 3 2
583149930 43.113064 131.876408 5 4
583381759 43.113938 131.877997 5 5
583392539 43.115608 131.877943 33 10
583392550 43.115154 131.877094 5 5
583392551 43.115242 131.877300 6 6
583403039 43.114985 131.876604 4 4
583430545 43.116793 131.878830 3 2
583430546 43.116733 131.878806 3 3
583634474 43.114993 131.875694 42 40
583634482 43.114898 131.876125 8 9
583634484 43.115309 131.876407 3 3
583639984 43.113516 131.879220 6 5
583650660 43.113217 131.878189 4 4
583650662 43.113128 131.879388 9 8
583655579 43.113224 131.877963 2 3
583673664 43.112943 131.879131 6 7
583673665 43.113097 131.878238 10 7
583862877 43.113082 131.877584 4 4
583890373 43.116541 131.892514 9 8
583890378 43.116696 131.891000 4 5
583890382 43.116490 131.891535 7 6
583896205 43.113411 131.878240 11 5
583911301 43.117001 131.892737 18 14
584108687 43.114640 131.880052 4 3
585369280 43.117472 131.887850 5 6
587142253 43.118352 131.881339 3 4
587142261 43.118633 131.882266 11 6
588909318 43.120028 131.880868 6 4
588909322 43.119200 131.880980 4 4
588909323 43.119679 131.881150 4 5
589205071 43.120287 131.883026 4 6
589819141 43.120695 131.880147 3 4
589819143 43.119814 131.880820 16 12
589819147 43.120661 131.880981 4 4
589819148 43.120672 131.880849 3 3
589819150 43.120679 131.880904 3 3
589819152 43.120634 131.881047 4 6
589819153 43.120589 131.881049 3 5
589819155 43.120603 131.880978 3 5
589819157 43.120616 131.880910 3 5
589819158 43.120326 131.881359 5 5
589819160 43.120325 131.881306 4 3
589819163 43.120280 131.881319 4 3
589822175 43.120474 131.879170 5 3
590026658 43.121043 131.878916 8 12
590026659 43.121012 131.879042 8 6
590052597 43.120827 131.877063 3 3
590052599 43.121352 131.877531 6 6
590052602 43.120830 131.878123 5 4
590711357 43.118869 131.888370 3 4
592218766 43.118096 131.890267 3 3
592567183 43.118160 131.882002 7 3
592567185 43.118322 131.881304 4 5
595674701 43.119878 131.884446 4 5
595674703 43.119820 131.884331 12 24
595683428 43.118550 131.884365 3 3
595694354 43.118639 131.885060 2 2
597172566 43.120720 131.891073 6 16
597208142 43.122727 131.887127 6 4
597541779 43.123099 131.886488 7 13
597541785 43.122505 131.888307 4 4
597541786 43.122489 131.888396 4 4
599490070 43.120939 131.882498 5 4
599490076 43.120913 131.882993 3 3
599502225 43.121556 131.880901 4 4
599502227 43.121861 131.880569 4 4
599502236 43.121702 131.879965 3 3
599525923 43.120855 131.885860 4 4
599525926 43.120586 131.886539 6 5
599537025 43.119859 131.888551 29 11
599569089 43.119983 131.890940 3 3
599983883 43.121729 131.885466 14 11
599983892 43.122247 131.885056 5 6
600027940 43.122151 131.882569 7 5
600027949 43.122751 131.881202 3 3
600027952 43.122000 131.883017 6 4
600027953 43.122835 131.881858 5 4
600027954 43.122793 131.881841 5 4
600027956 43.122706 131.883154 4 5
600058087 43.117296 131.881428 3 2
600059109 43.121250 131.886187 5 8
600059112 43.121302 131.887922 10 8
600083147 43.122181 131.883735 6 5
600083155 43.122209 131.883377 5 9
600097034 43.120816 131.889599 4 4
600471979 43.121102 131.881585 6 14
600471983 43.121540 131.880661 4 4
600471988 43.121579 131.880518 4 4
600471989 43.121625 131.880705 4 4
600471992 43.119857 131.880808 6 4
600484554 43.114932 131.875561 4 5
600484559 43.115545 131.877520 5 3
600484567 43.115918 131.879704 3 5
600484569 43.116264 131.879825 5 3
600484570 43.116516 131.879396 4 6
600523953 43.121509 131.892423 31 15
600600885 43.123214 131.889549 4 3
601867714 43.124099 131.887510 4 4
601867726 43.124028 131.886889 7 6
601867727 43.124076 131.886827 6 4
601867728 43.123846 131.886823 7 6
601910958 43.112010 131.873469 10 9
601910959 43.112262 131.872996 7 8
601910960 43.112349 131.872927 10 11
601910964 43.113824 131.873942 6 8
601910970 43.113611 131.875891 139 80
602017272 43.124599 131.884817 6 12
602276330 43.112518 131.876229 4 4
602276331 43.111999 131.875979 15 15
602287000 43.122930 131.882714 7 7
602287010 43.123741 131.882302 23 20
602287016 43.124010 131.882178 21 13
602287017 43.124108 131.882476 10 21
602287021 43.123989 131.882973 4 5
602287022 43.123945 131.883057 6 9
602298767 43.110207 131.879564 4 5
602298773 43.110688 131.880036 11 14
602343123 43.114325 131.883220 4 5
602343124 43.114428 131.883213 4 5
602343125 43.114450 131.883223 4 5
602343132 43.113081 131.880168 4 5
602834755 43.107444 131.872871 3 3
602834758 43.107587 131.873329 84 64
602834759 43.107116 131.872607 65 57
602834821 43.109134 131.874436 5 5
602834825 43.108202 131.875105 16 9
604427992 43.107343 131.877405 5 4
604427993 43.107435 131.877405 4 4
604427994 43.107381 131.877419 6 6
604427995 43.107234 131.877369 6 3
605099075 43.121090 131.893693 3 3
605099080 43.120741 131.893519 5 3
605099082 43.121085 131.893967 5 6
605103544 43.123399 131.893017 8 7
605103546 43.122000 131.893779 6 6
605109854 43.122770 131.894880 4 4
606540514 43.120709 131.879580 34 45
607263674 43.108991 131.878784 3 3
609102315 43.117804 131.893135 5 7
609102316 43.117827 131.893026 5 7
609102331 43.119938 131.892101 4 5
610661825 43.115864 131.895372 2 2
610661917 43.114721 131.893349 3 3
625189145 43.116782 131.883778 12 19
625190029 43.117454 131.881536 14 8
626062643 43.110283 131.875884 4 4
626062644 43.110748 131.876865 23 28
626079296 43.107962 131.876623 5 5
626084816 43.106663 131.874432 5 5
626084818 43.106640 131.874336 6 6
626090932 43.106856 131.873705 67 93
627054902 43.115585 131.888689 14 13
630791045 43.114275 131.882541 41 30
657447783 43.121532 131.882886 7 7
669065740 43.115481 131.892198 4 5
671174111 43.112728 131.891344 13 19
678031522 43.119199 131.887571 23 21
678031523 43.119183 131.887377 14 20
678033326 43.120269 131.878529 44 72
678033327 43.120041 131.878745 14 13
683035350 43.122099 131.875683 7 5
683035355 43.122491 131.875934 8 17
683036340 43.124158 131.876130 7 9
683038910 43.121629 131.876139 16 16
683038918 43.121705 131.876383 3 3
683038920 43.121820 131.876623 7 4
683051226 43.121233 131.879503 3 3
683056527 43.121437 131.880166 4 7
684046687 43.121072 131.878791 7 9
684046688 43.122316 131.879147 4 5
684046696 43.122595 131.880090 10 7
684061244 43.121189 131.878500 10 26
684061245 43.121171 131.878340 7 4
684064533 43.117972 131.893705 5 3
684064539 43.118223 131.894239 4 4
684064544 43.117989 131.894940 5 4
684069262 43.122033 131.893479 5 5
684080687 43.120027 131.895152 6 5
684280515 43.119968 131.895161 3 4
684280524 43.120158 131.892556 7 9
684283347 43.122805 131.878088 5 5
684283351 43.122632 131.876929 15 11
684283352 43.122444 131.877922 6 8
684285671 43.124552 131.877461 6 5
684285679 43.124316 131.878468 7 6
684285680 43.124353 131.878406 8 10
684286274 43.124410 131.876938 4 5
684501605 43.120150 131.874384 9 10
684501606 43.120176 131.874141 15 6
684501607 43.120093 131.874144 4 6
684507755 43.120356 131.876828 8 8
684507756 43.120259 131.876756 6 7
684507758 43.120116 131.876850 4 3
684507760 43.120207 131.877139 5 5
684507762 43.119681 131.876835 9 8
684507763 43.120621 131.875837 27 21
684507764 43.120571 131.875965 7 6
684507765 43.120178 131.876426 13 14
684507766 43.119910 131.876647 10 11
684507767 43.119971 131.876461 23 19
684507768 43.120110 131.876342 11 10
684509550 43.119607 131.876982 6 6
684511752 43.120577 131.876605 15 24
684511754 43.120668 131.876503 7 8
684511756 43.120556 131.877057 7 7
684722977 43.117773 131.892230 4 5
684722979 43.118391 131.892717 11 14
684722980 43.117442 131.890285 4 3
728928612 43.107403 131.873809 10 10
732260569 43.114112 131.884265 13 11
776912475 43.119854 131.893541 4 6
776912476 43.120360 131.894401 6 8
776912478 43.117906 131.892871 3 5
795545233 43.116247 131.890402 5 5
796775679 43.115164 131.888085 4 5
796775680 43.115363 131.888450 4 3
796775681 43.116269 131.888497 5 5
796775682 43.116043 131.889243 7 7
796775690 43.115385 131.889132 5 6
796775701 43.115468 131.889335 14 14
800020760 43.115858 131.889448 3 4
800568658 43.122403 131.879082 9 9
800575990 43.121626 131.879117 5 5
800575991 43.121402 131.880233 8 6
800575994 43.122033 131.879326 2 4
800576002 43.122606 131.879551 24 12
800576007 43.122393 131.877242 7 6
800576008 43.122207 131.876923 15 16
800576013 43.122207 131.877306 7 5
800576014 43.122293 131.877359 7 5
800576015 43.122331 131.877382 1 2
800576016 43.122349 131.877391 1 2
800576018 43.122491 131.877824 5 7
800576019 43.122440 131.877805 4 6
800576020 43.122510 131.877717 5 7
814866975 43.123340 131.892751 18 16
820857904 43.117269 131.890344 3 4
841557038 43.110914 131.878257 22 30
841557039 43.111015 131.878724 56 31
923395037 43.114170 131.879030 24 21
1066312543 43.119407 131.877361 11 8
1077564069 43.112217 131.892176 15 19
1077564072 43.114204 131.883866 6 5
1077564073 43.117228 131.884241 4 4
1077564074 43.117233 131.884196 4 4
1077564075 43.117244 131.884131 4 3
1077564076 43.117258 131.884051 4 4
1077564077 43.117271 131.884001 4 4
1077564078 43.117280 131.883946 4 4
1077564090 43.117530 131.880530 4 6
1077564093 43.117815 131.879056 14 24
1081962182 43.117234 131.876921 7 7
1090379013 43.108834 131.879804 25 25
1105391906 43.109343 131.874305 5 5
1159277531 43.112582 131.870864 30 34
1159281670 43.109713 131.873224 5 6
1159281671 43.109630 131.873066 5 7
1181898073 43.115843 131.875471 28 25
1194161830 43.124239 131.890525 9 9
1203032257 43.118638 131.890257 24 23
1219416917 43.120480 131.877794 8 14
1227480424 43.113455 131.885580 23 36
1228559783 43.123312 131.881468 7 10
1228559784 43.122853 131.880359 6 7
1228559786 43.124363 131.878884 22 25
1228559787 43.124146 131.878904 6 5
1228559789 43.121240 131.881623 6 6
1228559790 43.120861 131.878800 6 6
1259819788 43.115425 131.890932 13 6
1315355582 43.117114 131.885683 21 28
1372337723 43.117787 131.884547 9 10
1388313838 43.111966 131.881373 9 12
