813
3193751 43.118409 131.882707 27 48
3193752 43.118403 131.882661 27 48
3193753 43.118516 131.882367 12 11
6912179 43.112989 131.880776 105 43
6938164 43.117099 131.879822 42 50
6958612 43.111803 131.878913 77 34
6958613 43.112172 131.878761 22 50
7341842 43.113064 131.882257 17 20
7787773 43.116507 131.880214 10 8
8244690 43.114895 131.878119 19 18
8244691 43.114976 131.878253 25 25
8244692 43.114950 131.878209 31 32
8244818 43.115468 131.877040 55 77
8244819 43.115190 131.876979 63 61
8244820 43.115373 131.877019 84 77
8286790 43.118183 131.883320 41 24
8299957 43.119221 131.886506 6 11
8299958 43.119176 131.886490 9 11
8299959 43.119150 131.886384 37 34
8322811 43.118037 131.887207 19 25
8322812 43.118189 131.887233 23 22
8322813 43.118116 131.887220 38 26
8322818 43.118251 131.888728 69 76
8323364 43.119126 131.888880 22 48
8323365 43.119221 131.888871 12 23
8323366 43.119144 131.888878 28 48
8367078 43.118509 131.886978 24 22
8367079 43.118189 131.886794 51 42
8367080 43.119142 131.886363 37 31
8445532 43.118838 131.884125 63 38
8445533 43.119062 131.883986 41 24
8445534 43.118640 131.884092 23 27
8445535 43.118870 131.884093 78 38
13094744 43.111214 131.881588 92 54
15767833 43.118554 131.886920 34 35
23946365 43.116498 131.878032 73 70
24164985 43.111381 131.882907 170 113
27152012 43.115510 131.881607 67 32
27420114 43.115325 131.888896 33 70
27784256 43.114148 131.885240 18 26
27784269 43.113808 131.881323 64 31
30044752 43.112287 131.880610 45 60
30282608 43.114493 131.885949 18 31
30409246 43.116704 131.879745 38 62
31009385 43.119517 131.886420 44 57
31318761 43.119195 131.885751 51 51
33391377 43.119399 131.887415 37 32
34289090 43.118328 131.886140 39 31
34867413 43.112363 131.879873 40 59
35913767 43.115191 131.887549 43 78
37825728 43.119655 131.878804 51 130
37825732 43.118634 131.878509 49 115
43154106 43.113684 131.880912 46 26
43308199 43.115339 131.882397 47 31
43308230 43.114745 131.882912 59 55
43308813 43.111327 131.880078 34 34
44669444 43.115622 131.887896 45 53
44669460 43.115876 131.888766 47 25
44797776 43.117951 131.887887 25 23
45060950 43.116226 131.879407 35 28
46954035 43.115517 131.880783 38 21
46954717 43.116720 131.882829 52 42
47063320 43.120020 131.884047 41 27
47426777 43.114648 131.880492 48 23
47428735 43.116927 131.889112 34 20
47428745 43.114723 131.888472 24 53
47428758 43.114962 131.882232 30 21
47661248 43.116223 131.886301 54 65
47661275 43.117112 131.888613 26 20
47661836 43.118320 131.879626 24 22
47662155 43.114756 131.881334 79 32
48624477 43.116184 131.888297 44 25
49513596 43.111353 131.879705 34 22
49513598 43.116596 131.880473 40 56
51185984 43.119824 131.887635 20 38
51665174 43.117458 131.888303 22 20
51866866 43.117244 131.889242 41 29
51866868 43.116887 131.888533 31 23
52323595 43.114898 131.889177 25 22
59587839 43.118239 131.887785 35 22
60354821 43.118863 131.889154 22 27
60354825 43.117356 131.887911 23 25
60961444 43.118389 131.885713 44 39
60961454 43.117606 131.887583 27 58
76352123 43.112656 131.879906 36 43
78489628 43.112693 131.881698 63 47
78609873 43.113760 131.882727 41 28
78609880 43.114176 131.882932 46 32
79012250 43.119038 131.887017 40 39
79012253 43.118509 131.887507 21 21
79012256 43.118594 131.887709 20 24
79012258 43.118742 131.888059 31 46
79012265 43.116429 131.889101 47 53
84536099 43.113777 131.880150 38 23
84536102 43.113361 131.880046 40 22
84536103 43.113011 131.879913 45 24
84536105 43.116653 131.888381 30 31
84871875 43.114801 131.877652 20 21
93412119 43.118486 131.881793 20 15
93412121 43.118552 131.881626 19 15
93412124 43.118597 131.881490 25 14
102368831 43.118335 131.879297 24 23
102369243 43.117763 131.880531 20 23
102369244 43.117752 131.880278 34 23
102369320 43.117511 131.880703 18 12
102369348 43.117487 131.880854 35 15
102369363 43.117345 131.880558 20 46
102369364 43.117475 131.880385 15 14
102369829 43.118140 131.881160 49 20
102369830 43.118027 131.881283 30 16
102370113 43.117605 131.881390 30 69
102370308 43.117932 131.881548 24 35
102370329 43.118278 131.881616 16 29
102370338 43.117496 131.881958 19 30
102370345 43.117434 131.882282 19 27
102370385 43.117825 131.881935 23 47
102370387 43.118238 131.881963 16 30
102370388 43.117960 131.882222 26 14
102370409 43.118077 131.881763 26 14
102370418 43.118020 131.882004 26 19
102374602 43.117904 131.882302 17 12
102374607 43.118035 131.882353 17 12
102375060 43.117223 131.883168 37 58
102375346 43.117194 131.883701 18 30
102375360 43.117607 131.883184 24 30
102376002 43.117013 131.884626 20 27
102376003 43.116841 131.884534 25 20
102376159 43.117554 131.883484 27 27
102376502 43.116890 131.884873 38 22
102376833 43.116850 131.885141 36 34
102376868 43.116682 131.886452 20 32
102376953 43.117571 131.884741 23 22
102377016 43.117224 131.885090 21 29
102377192 43.117329 131.884646 21 12
102377933 43.116603 131.886758 22 28
102377936 43.117176 131.885401 22 29
102377956 43.117420 131.885479 18 28
102378043 43.116381 131.887768 43 82
102378044 43.116495 131.887110 31 21
102378078 43.116937 131.886560 37 71
102378080 43.116767 131.887399 21 38
102378236 43.117191 131.887111 23 31
102378283 43.116666 131.887952 22 37
102416761 43.111713 131.881168 14 15
102417278 43.113212 131.881598 24 22
102417282 43.113183 131.881933 15 13
102548519 43.113612 131.881722 47 32
102548520 43.113476 131.882244 45 39
102548611 43.114387 131.882061 44 41
102548696 43.113952 131.881841 37 23
102548924 43.114730 131.882217 27 30
102549023 43.114260 131.881073 24 34
102549063 43.115154 131.880934 30 60
102549175 43.115872 131.881684 14 19
102549674 43.117007 131.882880 27 22
102550032 43.116698 131.882321 13 20
102550083 43.117239 131.882516 54 24
102550332 43.117745 131.882635 29 29
102550412 43.117978 131.882792 33 18
102550449 43.118204 131.882869 23 16
102550532 43.119339 131.883292 46 22
102550632 43.119394 131.883068 49 41
102550768 43.119786 131.883457 57 23
102551014 43.119833 131.883111 20 23
102653145 43.120048 131.877425 80 30
102654955 43.114392 131.888618 31 43
102654979 43.114652 131.888864 15 16
102758247 43.111240 131.877192 18 16
102758301 43.111741 131.877347 30 24
102758302 43.111722 131.878041 19 47
102758316 43.112226 131.877943 30 17
102758317 43.112265 131.878252 27 49
102758321 43.112031 131.877891 25 20
104973223 43.116289 131.881987 39 56
104983535 43.116410 131.883367 34 25
105464430 43.112585 131.878801 27 70
105464432 43.112769 131.877599 44 131
105464436 43.112111 131.877147 30 38
107938130 43.111357 131.878788 24 27
107940156 43.113956 131.880603 29 20
107940157 43.115996 131.881085 44 22
107940158 43.114291 131.880371 37 21
107940159 43.116314 131.881033 24 22
107940591 43.115794 131.879452 22 22
107940592 43.116602 131.878974 52 33
107940596 43.116864 131.879054 23 31
107940597 43.114906 131.878684 25 25
107940598 43.116042 131.879783 29 21
107940600 43.115834 131.880063 27 26
107940601 43.115108 131.879242 27 27
107940602 43.115257 131.878303 33 32
107940603 43.115502 131.877824 25 16
107943103 43.113155 131.877709 20 40
107943104 43.112997 131.878649 23 48
107945396 43.112494 131.879180 29 30
107945397 43.115541 131.878850 46 62
107947073 43.113313 131.880467 28 19
107947074 43.113721 131.880550 23 16
108437109 43.116323 131.878944 20 19
108437112 43.116387 131.878633 22 34
108437120 43.116602 131.882106 27 51
108437122 43.116981 131.881769 20 24
108437126 43.116036 131.877985 22 23
108437131 43.116959 131.878518 22 34
108437133 43.115758 131.878244 31 27
108437135 43.116824 131.880981 27 48
111687982 43.119641 131.884330 24 66
112785224 43.114760 131.885469 41 123
118400730 43.116515 131.885098 25 40
118400733 43.116739 131.885545 39 29
118400734 43.116419 131.884442 73 38
118400736 43.116362 131.885458 40 23
118400737 43.117256 131.885796 23 20
118400738 43.117261 131.886350 40 23
118408503 43.113622 131.884764 25 25
118408505 43.113149 131.884339 10 11
131558255 43.119257 131.884383 28 18
139323953 43.119657 131.888640 18 33
139323957 43.118687 131.888685 23 32
139323958 43.119659 131.889034 21 34
139325704 43.120079 131.887273 56 26
155396558 43.115840 131.886737 49 46
155396605 43.115854 131.886408 27 18
157488761 43.119978 131.884832 43 57
157488762 43.119880 131.885434 20 17
157488763 43.119803 131.885937 16 25
157488766 43.119781 131.888259 27 28
157488768 43.120025 131.888498 21 48
157490202 43.119327 131.880575 21 34
157490205 43.118030 131.885049 35 32
157490206 43.118650 131.885695 12 12
157490208 43.119242 131.881148 24 24
157490209 43.119473 131.881547 18 25
157490210 43.119334 131.881403 17 14
157490211 43.119294 131.881565 21 18
157490212 43.119119 131.881652 19 26
157490213 43.119498 131.881899 47 30
157490214 43.119498 131.882158 31 19
157490215 43.119309 131.882107 13 18
157490216 43.118326 131.881928 14 21
157493854 43.115939 131.888053 46 44
157493861 43.117007 131.888201 24 35
157493865 43.117191 131.888265 39 30
157500684 43.117231 131.886873 19 17
157500685 43.117434 131.886835 21 36
157500686 43.117546 131.886456 31 21
157500687 43.118644 131.886274 37 24
157500689 43.118919 131.886276 29 36
157500691 43.114338 131.883998 26 14
157500717 43.116551 131.886136 54 27
157823790 43.116635 131.883093 73 63
157823792 43.116494 131.883706 60 35
157823794 43.116352 131.883849 31 14
157823797 43.116391 131.884272 50 17
157823799 43.116336 131.884686 59 28
157823800 43.116207 131.886804 31 20
157823802 43.115686 131.887388 38 44
160434896 43.113324 131.884157 14 20
160434901 43.113202 131.884450 6 5
164025034 43.119336 131.884966 28 15
164025035 43.119346 131.884558 16 20
164025037 43.118664 131.884933 8 14
164025039 43.118983 131.885006 26 13
164025040 43.119159 131.884643 24 12
166323858 43.119664 131.880606 62 32
166323860 43.119812 131.881192 31 52
166323861 43.119720 131.881696 39 29
166323862 43.120066 131.881378 19 27
166323876 43.118252 131.881339 22 10
166323877 43.118447 131.880566 22 32
166323878 43.118336 131.880892 13 10
166323879 43.118653 131.880370 19 13
166323880 43.118549 131.881094 15 20
166323882 43.118415 131.881493 24 54
169059316 43.114000 131.884266 20 22
169192319 43.117928 131.882486 29 14
169192325 43.118182 131.882251 13 21
170072724 43.113791 131.882425 15 15
170072726 43.116201 131.881484 17 21
170072734 43.112658 131.879185 21 17
170072735 43.113947 131.879605 37 31
170072745 43.114857 131.879910 55 26
170072752 43.116449 131.880415 12 29
170072754 43.115826 131.880452 22 13
170084404 43.113377 131.877372 13 19
170084413 43.115729 131.877761 28 25
172636559 43.117953 131.885707 24 28
172636588 43.117656 131.885916 73 29
175860922 43.118407 131.885146 17 34
175860923 43.118508 131.884776 18 28
176931304 43.118814 131.882924 12 10
176931305 43.118960 131.882334 22 36
176931307 43.118882 131.882707 21 31
179634630 43.117719 131.886753 26 57
198267758 43.116118 131.885077 40 66
286195384 43.118151 131.884785 20 30
286195385 43.117291 131.884811 23 24
286195386 43.117826 131.884980 36 39
286195387 43.117703 131.885487 40 21
290143853 43.115547 131.883194 107 79
344394122 43.118449 131.887352 16 15
462440448 43.114993 131.879461 19 17
462440460 43.112950 131.879065 14 7
462440472 43.111318 131.879332 8 10
462440505 43.114697 131.878251 11 49
462440508 43.115334 131.879493 22 14
462440519 43.112446 131.883653 8 9
462440530 43.113157 131.884597 11 9
462440532 43.115278 131.881316 7 7
462440542 43.114115 131.877877 5 7
462440543 43.114376 131.877237 11 53
462440551 43.114840 131.879382 5 6
462440566 43.112914 131.880389 4 4
462440568 43.115021 131.879663 27 18
462440575 43.113766 131.879714 50 46
462440581 43.114396 131.877670 5 3
462440583 43.113943 131.877487 24 29
462440597 43.114718 131.880774 12 9
462440600 43.114702 131.879479 12 13
462440623 43.114274 131.877277 8 41
462440625 43.111917 131.878163 10 18
462440634 43.114842 131.879280 6 7
462440637 43.114785 131.883911 7 7
462440707 43.114112 131.881517 13 8
462440712 43.113490 131.878011 14 19
462440725 43.116370 131.880130 17 12
462440729 43.114697 131.883327 52 21
462440734 43.114887 131.880167 37 12
462440746 43.117047 131.876981 5 5
462440750 43.114474 131.877850 20 22
462440758 43.116461 131.878725 12 23
462440763 43.114539 131.881043 10 5
462440771 43.114667 131.880117 11 7
462440778 43.111277 131.879495 5 6
462440790 43.113956 131.878297 15 11
462440793 43.112322 131.883527 33 21
462440797 43.112273 131.882895 17 12
462440810 43.114775 131.880888 6 6
462440827 43.115952 131.878499 40 42
462440833 43.111527 131.877366 8 9
462440839 43.114038 131.882156 8 10
462440842 43.111702 131.876997 8 10
462440859 43.115190 131.879514 9 9
462440868 43.116534 131.878552 16 13
462440871 43.114013 131.878074 5 7
462440873 43.113008 131.880294 11 17
462440902 43.116251 131.879884 4 5
462440905 43.114011 131.876970 20 21
462440908 43.115521 131.879672 7 6
462440925 43.116051 131.879318 14 21
462443160 43.117187 131.887475 3 4
462443178 43.116954 131.887391 6 7
462443179 43.115492 131.889219 14 12
462443185 43.119007 131.882840 14 13
462443199 43.114906 131.887830 18 12
462443215 43.116953 131.883535 13 19
462443231 43.117462 131.885059 7 5
462443249 43.119711 131.885231 12 11
462443251 43.113772 131.887494 5 8
462443254 43.118684 131.887377 19 27
462443264 43.117025 131.880817 22 13
462443297 43.119382 131.877441 22 12
462443307 43.112749 131.888762 17 24
462443333 43.119106 131.882455 21 37
462443364 43.115970 131.887455 31 37
462443409 43.118560 131.885306 12 10
462443438 43.117361 131.887238 23 27
462443482 43.113611 131.887963 16 14
462443487 43.117583 131.885598 15 18
462443489 43.119840 131.882363 9 9
462443492 43.116288 131.883954 14 7
462443500 43.117633 131.885156 3 4
462443504 43.114984 131.889049 9 9
462443505 43.120026 131.883217 15 21
462443506 43.119254 131.882644 9 9
462443523 43.113132 131.887795 43 34
462443546 43.116937 131.887481 7 9
462443575 43.113274 131.887992 38 20
462443612 43.116690 131.883421 11 13
462443613 43.119365 131.882516 9 9
462443624 43.115972 131.889231 6 10
462443629 43.116045 131.889129 9 8
462443642 43.119010 131.887781 7 12
462443650 43.119192 131.882513 20 24
462443693 43.117406 131.884311 17 10
462443695 43.119091 131.887802 9 12
462443712 43.113606 131.887642 27 26
462443725 43.119779 131.882504 14 14
462443757 43.113702 131.887735 7 7
462443762 43.113822 131.887219 6 8
462443788 43.119779 131.882653 7 7
462443801 43.118880 131.885622 10 7
462443806 43.119407 131.880029 41 23
462443816 43.118246 131.884021 9 6
469002147 43.111753 131.878423 9 6
469002153 43.116024 131.881785 12 9
469002157 43.113977 131.882442 14 10
469002160 43.113653 131.877232 18 7
469002161 43.113602 131.876992 18 9
469002162 43.113693 131.877919 16 7
469002163 43.113325 131.877866 23 26
469002166 43.113666 131.877474 15 7
469002171 43.113634 131.877158 18 8
469002172 43.115923 131.881333 29 12
469002175 43.116816 131.878742 41 20
469002178 43.113680 131.877696 15 7
469002185 43.113060 131.880337 8 11
469002188 43.114142 131.881928 15 20
469002190 43.113433 131.881871 17 7
469002191 43.111520 131.877058 8 7
469002194 43.113703 131.878071 16 7
469002213 43.111861 131.880181 33 22
469002220 43.115070 131.877989 19 18
469002242 43.113657 131.877310 15 8
469002254 43.113626 131.877081 18 8
469002284 43.115753 131.881465 6 7
469002298 43.113708 131.878142 16 6
469002311 43.113205 131.884371 6 6
469002321 43.113402 131.879095 15 13
469002322 43.114515 131.878348 29 69
469002323 43.116270 131.880435 42 40
469002333 43.116071 131.882106 17 22
469002337 43.114018 131.881005 25 24
469002352 43.113487 131.877387 6 12
469002360 43.113662 131.877392 15 8
469002370 43.116482 131.881109 19 21
469002374 43.111584 131.878513 3 2
469002375 43.113474 131.877607 15 21
469002380 43.111584 131.878588 7 11
469002388 43.113676 131.877622 15 7
469002390 43.113684 131.877770 15 7
469002395 43.113611 131.878675 24 63
469002403 43.113190 131.877171 21 36
469002410 43.113937 131.882525 18 10
469002411 43.113826 131.879006 30 34
469002422 43.116066 131.881568 14 15
469002426 43.115870 131.882046 39 24
469002432 43.113127 131.880176 6 7
469002447 43.113792 131.882046 3 3
469002450 43.113688 131.877843 16 7
469002452 43.113837 131.882310 22 12
469002457 43.116391 131.881516 26 20
469002474 43.114271 131.880710 50 22
469002479 43.116372 131.881321 39 24
469002489 43.113325 131.878610 29 63
469002491 43.111488 131.878385 32 16
469002497 43.114364 131.879770 70 25
469002498 43.113670 131.877550 15 7
469002499 43.116090 131.881448 13 11
469002500 43.111634 131.878456 3 5
469002508 43.112183 131.881670 34 28
469002516 43.113697 131.877995 16 7
469002517 43.113920 131.884421 35 45
469002527 43.116149 131.881745 26 34
469002534 43.112020 131.879579 26 19
469002537 43.113704 131.878247 18 14
471301897 43.117721 131.884946 22 10
471301904 43.116714 131.884528 8 8
471301916 43.118168 131.881362 5 4
471301918 43.118197 131.880114 26 34
471301919 43.117140 131.881078 20 27
471301946 43.116953 131.881504 16 16
471301963 43.118757 131.881731 20 33
471301968 43.119389 131.881273 19 13
471301983 43.117235 131.881162 20 41
471301999 43.114535 131.885636 17 17
471302003 43.119382 131.884788 16 22
471302005 43.116880 131.888016 11 16
471302013 43.117963 131.883415 8 13
471302034 43.117956 131.888154 29 18
471302036 43.119260 131.882310 13 12
471302042 43.117299 131.880394 13 21
471302047 43.117823 131.883512 10 12
471302065 43.120035 131.888904 8 9
471302072 43.116713 131.882094 13 20
471302089 43.116196 131.887504 24 44
471302111 43.117791 131.885174 7 11
471302126 43.116889 131.881698 11 14
471302128 43.119944 131.888913 11 8
471302148 43.120000 131.881638 24 21
471302154 43.116959 131.883841 23 14
471302155 43.117768 131.882339 17 24
471302179 43.117465 131.881472 14 10
471302187 43.117047 131.880638 56 50
471302241 43.117170 131.881827 19 25
471302262 43.117453 131.884764 16 12
471302273 43.118091 131.880670 34 64
471302287 43.117009 131.880250 29 29
471302292 43.116688 131.881652 21 29
471302305 43.119685 131.880940 18 36
471302310 43.118294 131.882668 16 27
471302323 43.117959 131.885462 30 27
471302339 43.118274 131.882200 15 28
471302345 43.118892 131.887317 26 26
471302392 43.118166 131.884495 18 17
471302396 43.117330 131.879884 31 46
471302413 43.117222 131.882047 30 16
471302427 43.116845 131.881830 15 17
471302433 43.119432 131.879726 16 20
471302435 43.117948 131.883235 19 19
471302442 43.117833 131.883213 14 20
471302454 43.117855 131.884770 4 6
471302459 43.118960 131.884752 11 26
471302460 43.118611 131.880667 22 49
471302467 43.117383 131.880909 32 15
471302469 43.115914 131.885990 39 50
471302484 43.117532 131.883724 34 21
471302486 43.117007 131.881263 37 20
471302493 43.119008 131.882093 15 10
471302502 43.116840 131.883837 10 16
471302528 43.117463 131.883902 18 12
471302537 43.118524 131.880159 56 30
471302542 43.119568 131.881325 24 15
471302544 43.118820 131.881356 16 18
471302546 43.117926 131.884748 16 22
471302547 43.114580 131.887171 46 64
471302551 43.117191 131.881547 26 27
471302572 43.119143 131.884837 14 20
471302585 43.119146 131.884533 26 10
471302591 43.119520 131.880751 37 22
471302598 43.117079 131.881450 10 15
471302599 43.120084 131.884347 17 25
471302653 43.118510 131.882240 16 9
471302654 43.117801 131.883376 12 11
471302663 43.116940 131.884486 9 11
471302667 43.117036 131.882234 50 25
471302727 43.118355 131.882311 12 17
471302751 43.115108 131.887159 13 16
471302753 43.118295 131.881005 14 9
471302759 43.118678 131.882100 20 28
471302783 43.119512 131.881166 40 18
471302789 43.116899 131.881342 15 11
471302799 43.118412 131.882276 3 3
471302802 43.118134 131.882500 19 23
471302805 43.118828 131.884935 9 20
471302819 43.117632 131.880796 13 13
471302832 43.115550 131.888961 23 36
471302855 43.118276 131.882419 7 9
471302858 43.117697 131.883810 21 14
471302859 43.117025 131.888003 22 11
471302901 43.118003 131.883559 11 10
471302910 43.117547 131.879937 37 44
471302915 43.116752 131.881357 20 21
471302916 43.119866 131.882934 18 14
471302922 43.119622 131.883892 37 37
471302929 43.118580 131.881894 7 6
471302936 43.117710 131.880856 18 25
471302949 43.114006 131.888648 7 8
471302952 43.116944 131.881964 17 15
471302961 43.118507 131.882000 29 18
471302966 43.117364 131.881455 12 14
478008125 43.116200 131.887874 23 17
480330626 43.117232 131.886691 8 8
480330645 43.118589 131.885395 3 2
480330671 43.119508 131.885846 24 50
480346100 43.119976 131.882390 7 7
480346106 43.119705 131.882883 14 25
481489062 43.116645 131.889101 5 9
481489068 43.115906 131.889231 3 3
481489076 43.119821 131.883903 7 7
481489083 43.117396 131.885015 7 9
481489091 43.118621 131.885054 2 2
481489095 43.119131 131.884979 4 4
481489100 43.116364 131.884405 19 11
481526391 43.119591 131.881002 14 23
481526397 43.117718 131.879921 11 21
481526407 43.119482 131.882047 13 7
481526411 43.119365 131.882450 6 4
481526416 43.119571 131.881470 13 14
481526421 43.119487 131.881713 9 7
481536823 43.116344 131.881118 15 11
481536828 43.118417 131.882315 3 3
481536833 43.116996 131.881384 11 10
481536851 43.117261 131.881400 7 6
481719245 43.114315 131.882162 5 6
481719248 43.117601 131.883775 3 2
481719256 43.117863 131.883393 7 11
481719258 43.117779 131.883581 9 7
481719261 43.117745 131.883458 13 11
481719283 43.117102 131.883332 5 12
481719301 43.116550 131.880137 3 4
481719303 43.116493 131.880047 5 4
481719323 43.116915 131.878296 3 5
481719334 43.112674 131.880326 7 7
481719342 43.113015 131.880135 6 7
481719344 43.113090 131.880398 5 4
481719346 43.113107 131.880485 5 5
481719348 43.113167 131.880189 5 6
481719366 43.114521 131.881118 6 8
481724694 43.113845 131.880756 4 4
481724695 43.113957 131.880789 4 4
481724700 43.114035 131.881178 13 17
481745487 43.119406 131.880393 12 5
481745488 43.119330 131.880357 6 4
481745502 43.119013 131.889050 4 7
481745508 43.117362 131.888713 25 18
481745519 43.117330 131.884296 6 11
482168039 43.113482 131.880361 8 6
482338190 43.115433 131.888484 7 5
484645380 43.118662 131.881313 24 15
488169042 43.119966 131.885198 9 11
488169044 43.119689 131.884894 19 33
504121463 43.117940 131.878417 6 7
504121464 43.117992 131.878603 5 10
513478130 43.119020 131.881985 14 15
519482396 43.119591 131.888832 8 15
519482398 43.119566 131.889228 12 15
519778305 43.117537 131.887068 10 8
519778310 43.117415 131.886607 8 5
519778316 43.117010 131.888452 7 6
521168475 43.116040 131.877758 9 9
521392926 43.115209 131.878698 10 10
521392950 43.115088 131.879521 7 7
521392952 43.114274 131.879437 20 12
521392953 43.114638 131.879531 5 5
521392954 43.114647 131.878973 4 4
521431315 43.111939 131.879889 14 14
521431318 43.113304 131.879481 9 8
521431320 43.112489 131.880821 5 6
521431322 43.112605 131.880216 5 6
521431323 43.113124 131.880367 5 4
521431336 43.112742 131.882006 7 6
521438211 43.115803 131.880983 5 5
521438212 43.115920 131.881574 6 4
521461568 43.119067 131.882169 3 2
521461569 43.119079 131.882109 4 9
521677102 43.111667 131.877838 8 19
521721308 43.111117 131.879448 4 4
521721310 43.111181 131.879342 4 4
521721312 43.111116 131.879262 9 13
521721320 43.112087 131.879133 18 10
521732927 43.114103 131.880817 14 17
521949568 43.113931 131.880780 4 4
521949569 43.113980 131.880797 3 4
521949571 43.114759 131.881146 6 5
521949572 43.114672 131.881117 6 5
521949573 43.114715 131.881131 6 5
527689507 43.115755 131.888900 1 1
527689508 43.115741 131.888916 4 3
527689509 43.115735 131.888945 4 3
527689510 43.115728 131.888972 4 3
527689511 43.115722 131.889001 4 3
527689512 43.115715 131.889030 4 3
527689560 43.115573 131.889164 2 2
531374746 43.118656 131.882367 3 2
531374752 43.118094 131.881680 2 2
531374753 43.118133 131.881692 2 2
531374755 43.118465 131.881140 7 7
531374760 43.118733 131.881423 3 3
531374766 43.118325 131.881160 3 3
531384366 43.114969 131.883145 12 22
531573812 43.116110 131.886514 14 9
531573829 43.116396 131.886374 3 2
531577225 43.118747 131.881556 5 7
531600239 43.116296 131.887757 6 8
531600241 43.116324 131.887650 4 3
531600243 43.116397 131.887395 5 6
531600246 43.115844 131.887052 2 2
531600248 43.116284 131.887419 8 26
531609329 43.116666 131.883516 8 7
531609330 43.116616 131.883381 12 12
531609331 43.116816 131.883398 4 4
531609333 43.116751 131.883451 10 13
531609334 43.116881 131.883474 8 11
531609335 43.116947 131.882979 3 4
531618840 43.117351 131.884986 4 8
531618850 43.117991 131.884878 8 5
531856777 43.117051 131.882003 13 14
531856779 43.117105 131.881697 6 7
531856782 43.116947 131.880916 5 5
531856783 43.117006 131.880888 17 7
531856784 43.117116 131.880112 10 8
531856785 43.117188 131.880445 2 4
531883659 43.116778 131.888076 1 2
531883669 43.116895 131.887780 6 4
531883705 43.117288 131.886742 4 11
536820682 43.119167 131.887906 7 5
536820695 43.120082 131.887906 3 3
536820696 43.119974 131.887607 3 2
536820703 43.119722 131.888823 9 6
542019345 43.118613 131.887981 3 3
542019351 43.118852 131.887518 4 14
542019367 43.117756 131.888433 4 4
542019368 43.117821 131.888395 3 3
542019372 43.118517 131.888568 3 3
545128480 43.116485 131.880428 11 29
546720666 43.114897 131.877995 6 7
546720669 43.114787 131.878091 6 9
546738929 43.117751 131.878586 4 6
546738930 43.118019 131.878487 4 5
546748442 43.115508 131.877692 23 6
546748445 43.116571 131.878482 10 6
546759379 43.113740 131.882094 4 4
546934251 43.116408 131.879688 3 4
546934261 43.116526 131.879331 5 3
546941737 43.113202 131.880233 4 5
546941752 43.113540 131.878500 16 41
546941762 43.113757 131.878830 10 16
546944753 43.113802 131.880742 3 4
546944754 43.113823 131.880749 3 4
553202633 43.119652 131.883056 6 6
553372645 43.120095 131.883297 4 5
558708082 43.116867 131.882405 30 19
558942834 43.117730 131.883671 11 13
558942835 43.117878 131.883590 23 26
558944940 43.119090 131.879922 23 12
565668417 43.114902 131.884530 8 14
569201628 43.120013 131.887652 3 3
569201642 43.119840 131.885759 9 9
573427918 43.111250 131.878366 48 43
581150645 43.116413 131.884834 5 4
581150646 43.116421 131.884904 8 8
581150647 43.117175 131.884351 2 2
581428073 43.117227 131.883097 8 8
581428080 43.116333 131.884874 8 16
581428081 43.116234 131.885297 10 7
581445820 43.115798 131.887125 2 2
581445821 43.116157 131.887788 11 8
581756378 43.116439 131.882244 3 3
581756381 43.115674 131.880871 11 15
581756385 43.115825 131.881919 9 5
581756388 43.115782 131.881280 5 5
581756389 43.115790 131.881081 4 6
581756392 43.116039 131.881884 6 9
581780823 43.114909 131.881194 6 5
581780830 43.115281 131.881243 4 3
581780832 43.114866 131.880915 5 5
581780833 43.114510 131.880955 5 5
581791688 43.113944 131.880900 3 4
581791704 43.113589 131.881080 5 17
581791705 43.114034 131.880820 3 4
581815123 43.112507 131.880531 7 14
581815132 43.112907 131.879098 5 3
581815170 43.112544 131.880542 5 5
581815172 43.112534 131.880595 5 5
581834648 43.114598 131.882554 3 3
581834650 43.115037 131.882738 5 4
581834652 43.115005 131.882968 6 4
582731157 43.114877 131.883904 7 7
582758762 43.113963 131.882593 13 6
582765910 43.113188 131.882140 4 5
582765911 43.113629 131.881933 7 5
582765912 43.113555 131.881911 6 4
583101276 43.114907 131.883265 3 2
583381759 43.113938 131.877997 5 5
583392539 43.115608 131.877943 33 10
583392550 43.115154 131.877094 5 5
583392551 43.115242 131.877300 6 6
583430545 43.116793 131.878830 3 2
583430546 43.116733 131.878806 3 3
583639984 43.113516 131.879220 6 5
583650660 43.113217 131.878189 4 4
583650662 43.113128 131.879388 9 8
583655579 43.113224 131.877963 2 3
583673664 43.112943 131.879131 6 7
583673665 43.113097 131.878238 10 7
583862877 43.113082 131.877584 4 4
583896205 43.113411 131.878240 11 5
584108687 43.114640 131.880052 4 3
585369280 43.117472 131.887850 5 6
587142253 43.118352 131.881339 3 4
587142261 43.118633 131.882266 11 6
588909318 43.120028 131.880868 6 4
588909322 43.119200 131.880980 4 4
588909323 43.119679 131.881150 4 5
589819143 43.119814 131.880820 16 12
590711357 43.118869 131.888370 3 4
592567183 43.118160 131.882002 7 3
592567185 43.118322 131.881304 4 5
595674701 43.119878 131.884446 4 5
595674703 43.119820 131.884331 12 24
595683428 43.118550 131.884365 3 3
595694354 43.118639 131.885060 2 2
599537025 43.119859 131.888551 29 11
600058087 43.117296 131.881428 3 2
600471992 43.119857 131.880808 6 4
600484559 43.115545 131.877520 5 3
600484567 43.115918 131.879704 3 5
600484569 43.116264 131.879825 5 3
600484570 43.116516 131.879396 4 6
602343123 43.114325 131.883220 4 5
602343124 43.114428 131.883213 4 5
602343125 43.114450 131.883223 4 5
602343132 43.113081 131.880168 4 5
625189145 43.116782 131.883778 12 19
625190029 43.117454 131.881536 14 8
627054902 43.115585 131.888689 14 13
630791045 43.114275 131.882541 41 30
678031522 43.119199 131.887571 23 21
678031523 43.119183 131.887377 14 20
678033327 43.120041 131.878745 14 13
684509550 43.119607 131.876982 6 6
732260569 43.114112 131.884265 13 11
796775679 43.115164 131.888085 4 5
796775680 43.115363 131.888450 4 3
796775681 43.116269 131.888497 5 5
796775682 43.116043 131.889243 7 7
796775690 43.115385 131.889132 5 6
923395037 43.114170 131.879030 24 21
1066312543 43.119407 131.877361 11 8
1077564072 43.114204 131.883866 6 5
1077564073 43.117228 131.884241 4 4
1077564074 43.117233 131.884196 4 4
1077564075 43.117244 131.884131 4 3
1077564076 43.117258 131.884051 4 4
1077564077 43.117271 131.884001 4 4
1077564078 43.117280 131.883946 4 4
1077564090 43.117530 131.880530 4 6
1077564093 43.117815 131.879056 14 24
1227480424 43.113455 131.885580 23 36
1315355582 43.117114 131.885683 21 28
1372337723 43.117787 131.884547 9 10
1388313838 43.111966 131.881373 9 12
