147 
922318596 131,8838004 43,1157176 3 4634281062 131,8838702 43,1159114 22,281941854522135 4634281054 131,8835782 43,1150625 75,04352329544778 10595727221 131,883886 43,1157036 7,12037748304388 
922318599 131,8840748 43,1156727 3 922318601 131,8842437 43,1156453 14,0440272117412 10595727221 131,883886 43,1157036 15,705286043841351 922318614 131,883839 43,1149927 77,99750133402317 
922318601 131,8842437 43,1156453 2 922318604 131,8842545 43,1155357 12,218469489011861 922318599 131,8840748 43,1156727 14,0440272117412 
922318604 131,8842545 43,1155357 2 922318608 131,8840748 43,114977 63,814084170233876 922318601 131,8842437 43,1156453 12,218469489011861 
922318608 131,8840748 43,114977 3 922318614 131,883839 43,1149927 19,219473940619967 922318604 131,8842545 43,1155357 63,814084170233876 10595727224 131,8843286833075 43,11498618803626 20,688443320739797 
922318614 131,883839 43,1149927 3 922318608 131,8840748 43,114977 19,219473940619967 10595727222 131,8836512 43,1150032 15,288478839391312 922318599 131,8840748 43,1156727 77,99750133402317 
922318724 131,8835541 43,1150087 3 10595727222 131,8836512 43,1150032 7,905352527813509 4634281053 131,8835655 43,1150345 3,014376447780202 5566134082 131,8828359 43,1150867 58,938309657410635 
1677918624 131,8820221 43,11507 3 4634280994 131,8820284 43,1150887 2,1413060551760297 4634274104 131,8818896 43,1150853 10,888812653348934 10595727223 131,88189770222195 43,114699869319274 42,347771871736796 
1677918627 131,8820697 43,1152116 2 4634280997 131,8820847 43,1152562 5,106574289392404 5083170525 131,8820602 43,1151832 3,2507245611881084 
1677918630 131,882113 43,1153402 2 5080769053 131,8821422 43,1154274 9,981693158801642 4634280997 131,8820847 43,1152562 9,618709399548292 
1677918631 131,8821702 43,1155107 2 4634270645 131,8822034 43,1156094 11,300963848117204 4512532373 131,8821457 43,1154378 8,346495635569514 
1677965293 131,8821574 43,1151661 4 5083170525 131,8820602 43,1151832 8,115646008505816 5566134083 131,8824899 43,1151044 27,847514174423623 4634274109 131,8823107 43,1155983 49,64331097909499 10595727225 131,8819814605307 43,114699869319274 53,73883213370425 
1677965354 131,8825182 43,1160863 2 5078099475 131,8824887 43,1160023 9,642427895123603 1677965360 131,8825478 43,1161703 9,644445941902546 
1677965357 131,8841746 43,1161192 3 4712926345 131,8838561 43,1161794 26,70491136893202 4712923715 131,8841929 43,1161712 5,9698900434104685 10595727226 131,8843286833075 43,11609045070363 12,940754905570444 
1677965359 131,8826462 43,1161523 2 1677965360 131,8825478 43,1161703 8,233998070969452 4712924740 131,8827647 43,1161284 9,97891793619902 
1677965360 131,8825478 43,1161703 3 1677965359 131,8826462 43,1161523 8,233998070969452 1677965354 131,8825182 43,1160863 9,644445941902546 1677965379 131,8826173 43,1163678 22,67400167612714 
1677965370 131,882851 43,1163356 2 1677965375 131,8827884 43,1163474 5,247843121604075 1677965377 131,8828596 43,1163623 3,0498680133135205 
1677965375 131,8827884 43,1163474 2 1677965370 131,882851 43,1163356 5,247843121604075 4712924742 131,882622 43,1163813 14,022633251568383 
1677965377 131,8828596 43,1163623 3 4712926027 131,8825473 43,1164201 26,151072817261298 4712923716 131,8834098 43,1162617 46,03873997513923 1677965370 131,882851 43,1163356 3,0498680133135205 
1677965379 131,8826173 43,1163678 3 1677965360 131,8825478 43,1161703 22,67400167612714 4712924742 131,882622 43,1163813 1,5488509092142961 1677965382 131,8823427 43,1164228 23,112733830879638 
1677965382 131,8823427 43,1164228 2 1677965379 131,8826173 43,1163678 23,112733830879638 4634270649 131,8822787 43,1164365 5,4135529218928005 
1677965391 131,8823639 43,1164622 3 1874119365 131,8823428 43,1164043 6,66209871728245 1677965396 131,882293 43,1164758 5,9502321097697335 10595727227 131,88237694696068 43,116500130538576 4,3456211351693925 
1677965396 131,882293 43,1164758 3 4634270649 131,8822787 43,1164365 4,521488775131445 1677965391 131,8823639 43,1164622 5,9502321097697335 10595727228 131,88216652611735 43,116500130538576 10,642285135032834 
1710884859 131,8824441 43,1163065 2 4712926257 131,8833674 43,1161303 77,46202507544581 4634281008 131,8823678 43,1160986 23,932665739861903 
1874119365 131,8823428 43,1164043 2 5910020471 131,8822715 43,116418 5,984465318118083 1677965391 131,8823639 43,1164622 6,66209871728245 
4512532373 131,8821457 43,1154378 2 1677918631 131,8821702 43,1155107 8,346495635569514 5080769053 131,8821422 43,1154274 1,1908138723287036 
4634269851 131,88391 43,1160269 2 4634274163 131,8839078 43,1160204 0,7445009700449464 10595727230 131,8843286833075 43,11594709917839 35,20994339363406 
4634269858 131,8821521 43,1158409 2 4634269859 131,8819167 43,1158827 19,664477531175653 4634274107 131,8821696 43,1158375 1,4699162120624532 
4634269859 131,8819167 43,1158827 2 4634269858 131,8821521 43,1158409 19,664477531175653 4634280985 131,8818801 43,1158894 3,0627904817877516 
4634270645 131,8822034 43,1156094 4 1677918631 131,8821702 43,1155107 11,300963848117204 4634274109 131,8823107 43,1155983 8,796537331166004 4634274106 131,8820653 43,1156363 11,601756922908564 4634270646 131,8822732 43,1158171 23,780004268990385 
4634270646 131,8822732 43,1158171 3 4634274107 131,8821696 43,1158375 8,709733649381207 4634281008 131,8823678 43,1160986 32,2294861249964 4634270645 131,8822034 43,1156094 23,780004268990385 
4634270648 131,8827665 43,1160889 2 4712924738 131,8826663 43,1161084 8,417219194092453 5080768382 131,8828027 43,1160871 2,9451311134420286 
4634270649 131,8822787 43,1164365 3 1677965396 131,882293 43,1164758 4,521488775131445 1677965382 131,8823427 43,1164228 5,4135529218928005 5910020471 131,8822715 43,116418 2,138512999053822 
4634270650 131,8820138 43,1161648 2 4634280964 131,8819227 43,116182 7,63782989646816 4634281004 131,882247 43,1161208 19,550705610221463 
4634274101 131,8818976 43,1151131 4 4634280994 131,8820284 43,1150887 10,958279070965707 4634274102 131,8819442 43,1152667 17,49340212271907 4634274104 131,8818896 43,1150853 3,158691904592693 10595727231 131,88187131669252 43,115117487515555 2,1939915655500917 
4634274102 131,8819442 43,1152667 3 4634274103 131,8820028 43,1154375 19,578701911295592 4634274101 131,8818976 43,1151131 17,49340212271907 5565645386 131,8819277 43,1152699 1,3857697859943734 
4634274103 131,8820028 43,1154375 3 4634274105 131,8820288 43,1155237 9,814601376358013 4634274102 131,8819442 43,1152667 19,578701911295592 5565645387 131,8819866 43,1154407 1,3622459615663054 
4634274104 131,8818896 43,1150853 4 4634274101 131,8818976 43,1151131 3,158691904592693 1677918624 131,8820221 43,11507 10,888812653348934 10595727232 131,88187131669252 43,11502702799439 6,642548309550932 10595727233 131,88187131669252 43,11508294592607 1,5108600238600196 
4634274105 131,8820288 43,1155237 3 4634274106 131,8820653 43,1156363 12,866318810933045 4634274103 131,8820028 43,1154375 9,814601376358013 10595727234 131,88187131669252 43,1155522062413 13,202699419416081 
4634274106 131,8820653 43,1156363 4 6856593640 131,8821137 43,1156756 5,876275229135025 4634274105 131,8820288 43,1155237 12,866318810933045 4634280998 131,8820087 43,1156463 4,726855230572476 4634270645 131,8822034 43,1156094 11,601756922908564 
4634274107 131,8821696 43,1158375 4 4634274108 131,8822652 43,1161173 32,065474861891516 6856593640 131,8821137 43,1156756 18,565485024126932 4634270646 131,8822732 43,1158171 8,709733649381207 4634269858 131,8821521 43,1158409 1,4699162120624532 
4634274108 131,8822652 43,1161173 4 4634281004 131,882247 43,1161208 1,5276816462161253 4634281008 131,8823678 43,1160986 8,583613514388627 4634281012 131,8823421 43,116356 27,266336422964002 4634274107 131,8821696 43,1158375 32,065474861891516 
4634274109 131,8823107 43,1155983 4 1677965293 131,8821574 43,1151661 49,64331097909499 4712924736 131,8824833 43,1159871 45,44599001785773 4634270645 131,8822034 43,1156094 8,796537331166004 9294593897 131,8825584 43,1155418 21,064465528687876 
4634274163 131,8839078 43,1160204 2 4634269851 131,88391 43,1160269 0,7445009700449464 6385291717 131,8838745 43,1159257 10,871542691143496 
4634280964 131,8819227 43,116182 1 4634270650 131,8820138 43,1161648 7,63782989646816 
4634280985 131,8818801 43,1158894 3 4634269859 131,8819167 43,1158827 3,0627904817877516 5565645413 131,8818784 43,1159017 1,3746427437776083 10595727238 131,88187131669252 43,11586271593002 3,0494385857316497 
4634280994 131,8820284 43,1150887 3 1677918624 131,8820221 43,11507 2,1413060551760297 5083170525 131,8820602 43,1151832 10,82032317836507 4634274101 131,8818976 43,1151131 10,958279070965707 
4634280997 131,8820847 43,1152562 2 1677918630 131,882113 43,1153402 9,618709399548292 1677918627 131,8820697 43,1152116 5,106574289392404 
4634280998 131,8820087 43,1156463 2 4634274106 131,8820653 43,1156363 4,726855230572476 10595727237 131,88187131669252 43,115672341313505 11,549545684497964 
4634281004 131,882247 43,1161208 2 4634270650 131,8820138 43,1161648 19,550705610221463 4634274108 131,8822652 43,1161173 1,5276816462161253 
4634281008 131,8823678 43,1160986 3 4634274108 131,8822652 43,1161173 8,583613514388627 4634270646 131,8822732 43,1158171 32,2294861249964 1710884859 131,8824441 43,1163065 23,932665739861903 
4634281012 131,8823421 43,116356 2 5774636776 131,8822542 43,1163732 7,386628970645403 4634274108 131,8822652 43,1161173 27,266336422964002 
4634281032 131,8827743 43,115567 2 4634281037 131,882941 43,1159349 43,08835627098228 9294593896 131,88271 43,1154827 10,728811116675155 
4634281034 131,882628 43,1154588 3 9294593896 131,88271 43,1154827 7,166875722600722 9294593895 131,8825993 43,1155084 5,9870859982551945 9294593894 131,8826003 43,1152123 27,501652305106568 
4634281037 131,882941 43,1159349 2 4634281032 131,8827743 43,115567 43,08835627098228 4634281040 131,882955 43,1159723 4,311158853844292 
4634281040 131,882955 43,1159723 2 4634281037 131,882941 43,1159349 4,311158853844292 4712924729 131,8829781 43,1160405 7,811862963974899 
4634281042 131,8829934 43,1160841 3 6385291717 131,8838745 43,1159257 73,65515885121262 4712924735 131,8828839 43,1161068 9,239484734369572 4712924729 131,8829781 43,1160405 5,004639279193687 
4634281053 131,8835655 43,1150345 2 4634281054 131,8835782 43,1150625 3,2796846003860907 922318724 131,8835541 43,1150087 3,014376447780202 
4634281054 131,8835782 43,1150625 2 922318596 131,8838004 43,1157176 75,04352329544778 4634281053 131,8835655 43,1150345 3,2796846003860907 
4634281062 131,8838702 43,1159114 2 6385291717 131,8838745 43,1159257 1,6279453043665368 922318596 131,8838004 43,1157176 22,281941854522135 
4634281645 131,8818748 43,1159124 2 5565645413 131,8818784 43,1159017 1,2251451143335297 10595727239 131,88187131669252 43,11591588330748 0,4797113431615721 
4634281647 131,8818797 43,1159553 2 4634281648 131,8818967 43,1160126 6,519186852786284 10595727240 131,88187131669252 43,11592725402586 3,1895978675389642 
4634281648 131,8818967 43,1160126 1 4634281647 131,8818797 43,1159553 6,519186852786284 
4712923715 131,8841929 43,1161712 2 1677965357 131,8841746 43,1161192 5,9698900434104685 10595727229 131,8843125929183 43,116500130538576 37,81868433435087 
4712923716 131,8834098 43,1162617 4 1677965377 131,8828596 43,1163623 46,03873997513923 4712926345 131,8838561 43,1161794 37,36373368327077 4712923717 131,8834193 43,1162942 3,695191859926275 4712926257 131,8833674 43,1161303 15,010885426156886 
4712923717 131,8834193 43,1162942 2 4712923718 131,8834624 43,1164124 13,600877694639804 4712923716 131,8834098 43,1162617 3,695191859926275 
4712923718 131,8834624 43,1164124 2 4712923717 131,8834193 43,1162942 13,600877694639804 10595727242 131,88349548605237 43,116500130538576 10,111567300965968 
4712924729 131,8829781 43,1160405 2 4634281040 131,882955 43,1159723 7,811862963974899 4634281042 131,8829934 43,1160841 5,004639279193687 
4712924735 131,8828839 43,1161068 3 5080768384 131,8828677 43,1161038 1,3565930219227837 4634281042 131,8829934 43,1160841 9,239484734369572 4712924740 131,8827647 43,1161284 9,969011499069856 
4712924736 131,8824833 43,1159871 3 5080768387 131,8825114 43,1159825 2,3375059526469624 5078099475 131,8824887 43,1160023 1,7460749516758856 4634274109 131,8823107 43,1155983 45,44599001785773 
4712924737 131,8824696 43,1163801 2 1874119365 131,8823428 43,1164043 10,638152802806141 1710884859 131,8824441 43,1163065 8,441638429472533 
4712924738 131,8826663 43,1161084 2 4712924741 131,882598 43,1160741 6,729101637919922 4634270648 131,8827665 43,1160889 8,417219194092453 
4712924739 131,8825752 43,1160204 2 5080768385 131,8825644 43,1160001 2,4215077007876 4712924741 131,882598 43,1160741 6,251389817267226 
4712924740 131,8827647 43,1161284 2 1677965359 131,8826462 43,1161523 9,97891793619902 4712924735 131,8828839 43,1161068 9,969011499069856 
4712924741 131,882598 43,1160741 2 4712924739 131,8825752 43,1160204 6,251389817267226 4712924738 131,8826663 43,1161084 6,729101637919922 
4712924742 131,882622 43,1163813 2 1677965375 131,8827884 43,1163474 14,022633251568383 1677965379 131,8826173 43,1163678 1,5488509092142961 
4712926027 131,8825473 43,1164201 2 1677965377 131,8828596 43,1163623 26,151072817261298 10595727243 131,88257307891712 43,116500130538576 9,135186329754756 
4712926257 131,8833674 43,1161303 2 4634269851 131,88391 43,1160269 45,518398136823514 4712923716 131,8834098 43,1162617 15,010885426156886 
4712926345 131,8838561 43,1161794 3 4712923716 131,8834098 43,1162617 37,36373368327077 1677965357 131,8841746 43,1161192 26,70491136893202 5158333863 131,8838777 43,1162415 7,124315666704611 
4712926362 131,8839502 43,1164951 2 5561341414 131,8839497 43,1164495 5,0706582337868715 10595727246 131,88395007190758 43,116500130538576 0,5589649390350409 
4744505696 131,8838942 43,1162874 2 5561341415 131,8839309 43,1163932 12,13572646779985 5158333863 131,8838777 43,1162415 5,276648343889451 
4746264090 131,8824547 43,1147754 3 4746264091 131,8822646 43,1148144 16,02837588087909 4746264092 131,8824972 43,1147667 3,582836002115351 10595727247 131,88242801697052 43,114699869319274 8,667555404967002 
4746264091 131,8822646 43,1148144 1 4746264090 131,8824547 43,1147754 16,02837588087909 
4746264092 131,8824972 43,1147667 2 4746264090 131,8824547 43,1147754 3,582836002115351 4746264093 131,8825241 43,1147612 2,267526988740343 
4746264093 131,8825241 43,1147612 3 5572427257 131,8826008 43,1150002 27,29513434065311 4746264092 131,8824972 43,1147667 2,267526988740343 10595727248 131,88249761876693 43,114699869319274 7,1462886303955 
5078099475 131,8824887 43,1160023 2 1677965354 131,8825182 43,1160863 9,642427895123603 4712924736 131,8824833 43,1159871 1,7460749516758856 
5080768382 131,8828027 43,1160871 2 4634270648 131,8827665 43,1160889 2,9451311134420286 5080768383 131,8828342 43,1160915 2,603217053747894 
5080768383 131,8828342 43,1160915 2 5080768382 131,8828027 43,1160871 2,603217053747894 5080768384 131,8828677 43,1161038 3,0437576430448905 
5080768384 131,8828677 43,1161038 2 5080768383 131,8828342 43,1160915 3,0437576430448905 4712924735 131,8828839 43,1161068 1,3565930219227837 
5080768385 131,8825644 43,1160001 2 5080768386 131,8825436 43,1159859 2,311616811905749 4712924739 131,8825752 43,1160204 2,4215077007876 
5080768386 131,8825436 43,1159859 2 5080768387 131,8825114 43,1159825 2,640851847431771 5080768385 131,8825644 43,1160001 2,311616811905749 
5080768387 131,8825114 43,1159825 2 4712924736 131,8824833 43,1159871 2,3375059526469624 5080768386 131,8825436 43,1159859 2,640851847431771 
5080769053 131,8821422 43,1154274 2 4512532373 131,8821457 43,1154378 1,1908138723287036 1677918630 131,882113 43,1153402 9,981693158801642 
5080769078 131,8826134 43,1150925 4 5566134083 131,8824899 43,1151044 10,111502533689467 5566134089 131,8826124 43,1150589 3,737036450739573 5566134082 131,8828359 43,1150867 18,071935084384595 9294593894 131,8826003 43,1152123 13,36354264168696 
5083170525 131,8820602 43,1151832 3 1677965293 131,8821574 43,1151661 8,115646008505816 4634280994 131,8820284 43,1150887 10,82032317836507 1677918627 131,8820697 43,1152116 3,2507245611881084 
5158333863 131,8838777 43,1162415 2 4744505696 131,8838942 43,1162874 5,276648343889451 4712926345 131,8838561 43,1161794 7,124315666704611 
5561341414 131,8839497 43,1164495 2 5561341415 131,8839309 43,1163932 6,44358082045381 4712926362 131,8839502 43,1164951 5,0706582337868715 
5561341415 131,8839309 43,1163932 2 4744505696 131,8838942 43,1162874 12,13572646779985 5561341414 131,8839497 43,1164495 6,44358082045381 
5565645386 131,8819277 43,1152699 2 4634274102 131,8819442 43,1152667 1,3857697859943734 10595727235 131,88187131669252 43,11528057089043 4,739597874239638 
5565645387 131,8819866 43,1154407 2 4634274103 131,8820028 43,1154375 1,3622459615663054 10595727236 131,88187131669252 43,11546040415381 9,634666583537193 
5565645413 131,8818784 43,1159017 2 4634281645 131,8818748 43,1159124 1,2251451143335297 4634280985 131,8818801 43,1158894 1,3746427437776083 
5566134082 131,8828359 43,1150867 2 922318724 131,8835541 43,1150087 58,938309657410635 5080769078 131,8826134 43,1150925 18,071935084384595 
5566134083 131,8824899 43,1151044 2 1677965293 131,8821574 43,1151661 27,847514174423623 5080769078 131,8826134 43,1150925 10,111502533689467 
5566134089 131,8826124 43,1150589 2 5080769078 131,8826134 43,1150925 3,737036450739573 5566134096 131,8826152 43,1150354 2,622949761664326 
5566134096 131,8826152 43,1150354 2 5566134089 131,8826124 43,1150589 2,622949761664326 5572427257 131,8826008 43,1150002 4,084867664750536 
5572427257 131,8826008 43,1150002 2 5566134096 131,8826152 43,1150354 4,084867664750536 4746264093 131,8825241 43,1147612 27,29513434065311 
5774636776 131,8822542 43,1163732 3 4634281012 131,8823421 43,116356 7,386628970645403 5910020471 131,8822715 43,116418 5,175670820557893 10595727241 131,88187131669252 43,116448310131226 32,25954283842264 
5910020471 131,8822715 43,116418 3 5774636776 131,8822542 43,1163732 5,175670820557893 4634270649 131,8822787 43,1164365 2,138512999053822 10595727249 131,88187131669252 43,11649437845494 33,65681447813338 
6385291717 131,8838745 43,1159257 4 4634281042 131,8829934 43,1160841 73,65515885121262 4634274163 131,8839078 43,1160204 10,871542691143496 4634281062 131,8838702 43,1159114 1,6279453043665368 10595727244 131,8843286833075 43,115841470932956 38,13086945698066 
6856593640 131,8821137 43,1156756 2 4634274107 131,8821696 43,1158375 18,565485024126932 4634274106 131,8820653 43,1156363 5,876275229135025 
9294593894 131,8826003 43,1152123 2 4634281034 131,882628 43,1154588 27,501652305106568 5080769078 131,8826134 43,1150925 13,36354264168696 
9294593895 131,8825993 43,1155084 2 9294593897 131,8825584 43,1155418 4,98142128097203 4634281034 131,882628 43,1154588 5,9870859982551945 
9294593896 131,88271 43,1154827 2 4634281032 131,8827743 43,115567 10,728811116675155 4634281034 131,882628 43,1154588 7,166875722600722 
9294593897 131,8825584 43,1155418 2 4634274109 131,8823107 43,1155983 21,064465528687876 9294593895 131,8825993 43,1155084 4,98142128097203 
10595727221 131,883886 43,1157036 3 922318599 131,8840748 43,1156727 15,705286043841351 10595727222 131,8836512 43,1150032 80,17912046642803 922318596 131,8838004 43,1157176 7,12037748304388 
10595727222 131,8836512 43,1150032 3 922318614 131,883839 43,1149927 15,288478839391312 922318724 131,8835541 43,1150087 7,905352527813509 10595727221 131,883886 43,1157036 80,17912046642803 
10595727223 131,88189770222195 43,114699869319274 2 1677918624 131,8820221 43,11507 42,347771871736796 10595727225 131,8819814605307 43,114699869319274 6,817015895052072 
10595727224 131,8843286833075 43,11498618803626 2 922318608 131,8840748 43,114977 20,688443320739797 10595727244 131,8843286833075 43,115841470932956 95,0176407272433 
10595727225 131,8819814605307 43,114699869319274 2 1677965293 131,8821574 43,1151661 53,73883213370425 10595727247 131,88242801697052 43,114699869319274 36,34484021036024 
10595727226 131,8843286833075 43,11609045070363 2 1677965357 131,8841746 43,1161192 12,940754905570444 10595727251 131,8843286833075 43,116500130538576 45,51338222770275 
10595727227 131,88237694696068 43,116500130538576 2 1677965391 131,8823639 43,1164622 4,3456211351693925 10595727228 131,88216652611735 43,116500130538576 17,12546739384336 
10595727228 131,88216652611735 43,116500130538576 2 1677965396 131,882293 43,1164758 10,642285135032834 10595727250 131,88187131669252 43,116500130538576 24,026134004036205 
10595727229 131,8843125929183 43,116500130538576 2 4712923715 131,8841929 43,1161712 37,81868433435087 10595727246 131,88395007190758 43,116500130538576 29,504404840774555 
10595727230 131,8843286833075 43,11594709917839 1 10595727226 131,8843286833075 43,11609045070363 15,925637260553492 
10595727231 131,88187131669252 43,115117487515555 2 4634274101 131,8818976 43,1151131 2,1939915655500917 10595727233 131,88187131669252 43,11508294592607 3,8373971609067876 
10595727232 131,88187131669252 43,11502702799439 2 4634274104 131,8818896 43,1150853 6,642548309550932 10595727253 131,88187131669252 43,114699869319274 36,34568465156269 
10595727233 131,88187131669252 43,11508294592607 2 4634274104 131,8818896 43,1150853 1,5108600238600196 10595727232 131,88187131669252 43,11502702799439 6,212201400463539 
10595727234 131,88187131669252 43,1155522062413 2 4634274105 131,8820288 43,1155237 13,202699419416081 10595727236 131,88187131669252 43,11546040415381 10,198751713379572 
10595727235 131,88187131669252 43,11528057089043 2 5565645386 131,8819277 43,1152699 4,739597874239638 10595727231 131,88187131669252 43,115117487515555 18,11774443112452 
10595727236 131,88187131669252 43,11546040415381 2 5565645387 131,8819866 43,1154407 9,634666583537193 10595727235 131,88187131669252 43,11528057089043 19,97857357744293 
10595727237 131,88187131669252 43,115672341313505 2 4634280998 131,8820087 43,1156463 11,549545684497964 10595727234 131,88187131669252 43,1155522062413 13,346404530798193 
10595727238 131,88187131669252 43,11586271593002 2 4634280985 131,8818801 43,1158894 3,0494385857316497 10595727237 131,88187131669252 43,115672341313505 21,149666511501717 
10595727239 131,88187131669252 43,11591588330748 2 4634281645 131,8818748 43,1159124 0,4797113431615721 10595727238 131,88187131669252 43,11586271593002 5,906629503856327 
10595727240 131,88187131669252 43,11592725402586 2 4634281647 131,8818797 43,1159553 3,1895978675389642 10595727239 131,88187131669252 43,11591588330748 1,2632299025335187 
10595727241 131,88187131669252 43,116448310131226 2 5774636776 131,8822542 43,1163732 32,25954283842264 10595727240 131,88187131669252 43,11592725402586 57,886728159424486 
10595727242 131,88349548605237 43,116500130538576 2 4712923718 131,8834624 43,1164124 10,111567300965968 10595727243 131,88257307891712 43,116500130538576 75,07171375433641 
10595727243 131,88257307891712 43,116500130538576 2 4712926027 131,8825473 43,1164201 9,135186329754756 10595727245 131,88251215843127 43,116500130538576 4,9581200110067725 
10595727244 131,8843286833075 43,115841470932956 2 6385291717 131,8838745 43,1159257 38,13086945698066 10595727230 131,8843286833075 43,11594709917839 11,734769349853446 
10595727245 131,88251215843127 43,116500130538576 2 4712924737 131,8824696 43,1163801 13,77729651797724 10595727227 131,88237694696068 43,116500130538576 11,004421397847196 
10595727246 131,88395007190758 43,116500130538576 2 4712926362 131,8839502 43,1164951 0,5589649390350409 10595727242 131,88349548605237 43,116500130538576 36,99726280840792 
10595727247 131,88242801697052 43,114699869319274 2 4746264090 131,8824547 43,1147754 8,667555404967002 10595727248 131,88249761876693 43,114699869319274 5,664829668577353 
10595727248 131,88249761876693 43,114699869319274 2 4746264093 131,8825241 43,1147612 7,1462886303955 10595727252 131,8843286833075 43,114699869319274 149,02875024848376 
10595727249 131,88187131669252 43,11649437845494 1 10595727241 131,88187131669252 43,116448310131226 5,1179606889878055 
10595727250 131,88187131669252 43,116500130538576 1 10595727249 131,88187131669252 43,11649437845494 0,6390277676168011 
10595727251 131,8843286833075 43,116500130538576 1 10595727229 131,8843125929183 43,116500130538576 1,3095443939824924 
10595727252 131,8843286833075 43,114699869319274 1 10595727224 131,8843286833075 43,11498618803626 31,808570434381082 
10595727253 131,88187131669252 43,114699869319274 1 10595727223 131,88189770222195 43,114699869319274 2,1474952889967054 
