894
54363 59.938500 30.330570 97 83
69424 59.940478 30.313876 264 278
112183 59.937893 30.305865 93 98
238571 59.940387 30.337709 131 133
270634 59.942152 30.316182 82 104
276237 59.929653 30.315470 109 110
349265 59.931394 30.326245 200 201
401987 59.933775 30.311207 79 72
419489 59.933314 30.335419 181 78
419767 59.935747 30.316435 73 55
419768 59.936212 30.316743 58 66
448431 59.935708 30.314376 74 69
448432 59.935512 30.313688 81 78
448433 59.934650 30.313430 76 72
448434 59.934854 30.313982 73 67
448437 59.935223 30.315047 71 65
448438 59.935424 30.315566 75 70
448441 59.934146 30.314689 65 57
545140 59.935119 30.317562 118 98
936199 59.935814 30.334086 101 55
969622 59.945154 30.326679 105 105
1025986 59.935320 30.311063 57 57
1025988 59.935034 30.309914 67 60
1025989 59.935625 30.309092 67 56
1026240 59.935689 30.310178 76 75
1026241 59.935578 30.310717 51 52
1026243 59.934531 30.308928 62 42
1026244 59.935974 30.309880 69 73
1027334 59.936651 30.313354 46 49
1027335 59.936196 30.311482 64 72
1027336 59.936688 30.312661 50 41
1027337 59.936264 30.313204 69 62
1027338 59.935935 30.311663 51 54
1027340 59.936693 30.312017 75 59
1027341 59.935684 30.312041 56 59
1027342 59.935983 30.312426 71 62
1027343 59.936466 30.311141 74 80
1027344 59.936118 30.312813 72 63
1027898 59.937418 30.328001 69 54
1027900 59.937576 30.329002 51 69
1027902 59.934039 30.340523 66 57
1027903 59.936968 30.335568 88 76
1028077 59.931660 30.320308 42 53
1028078 59.932913 30.324342 54 77
1028080 59.933026 30.323000 83 88
1028081 59.933329 30.324486 65 84
1028082 59.931352 30.320986 54 60
1028083 59.932213 30.323412 69 44
1028084 59.931779 30.321406 34 26
1028085 59.932452 30.322466 94 90
1028086 59.932025 30.323089 51 40
1028087 59.935638 30.320558 79 84
1028088 59.933378 30.322020 105 68
1028089 59.931036 30.319882 52 58
1028487 59.930738 30.316977 47 46
1028488 59.931968 30.312872 56 59
1028489 59.931216 30.317301 56 63
1028490 59.931808 30.314033 113 136
1028491 59.930912 30.317662 55 67
1028492 59.930675 30.316398 63 56
1028493 59.930503 30.317987 62 80
1028526 59.929635 30.311372 124 89
1028527 59.929632 30.312491 81 75
1028529 59.930567 30.311526 48 50
1029961 59.932857 30.334185 83 100
1030150 59.929708 30.337093 98 112
1051208 59.931037 30.322691 63 79
1051888 59.935899 30.330372 179 75
1051889 59.936105 30.332358 86 52
1057489 59.936436 30.327670 32 50
1057491 59.936001 30.327673 45 74
1057492 59.936222 30.327814 38 73
1057493 59.936753 30.328044 68 83
1060303 59.929601 30.319409 83 86
1067873 59.930773 30.307867 103 49
1067874 59.930045 30.307441 46 42
1067881 59.930576 30.307109 91 62
1067883 59.930116 30.307935 39 30
1067948 59.941258 30.315716 146 120
1069798 59.931791 30.307045 69 62
1069799 59.931370 30.305321 67 53
1069800 59.931489 30.305846 67 53
1069801 59.931623 30.306383 66 55
1069802 59.931247 30.304789 62 57
1084724 59.942635 30.317940 80 83
1084725 59.942108 30.318687 107 113
1101395 59.932253 30.305724 62 59
1101397 59.932126 30.305209 59 53
1101399 59.932417 30.306491 69 62
1101405 59.932807 30.305604 85 98
1101408 59.933111 30.304500 60 75
1147588 59.933213 30.330802 309 375
1202918 59.941579 30.317001 157 159
1240293 59.936724 30.321209 68 119
1251285 59.933259 30.309702 79 69
1258391 59.934592 30.311419 70 64
1258397 59.934251 30.310366 72 65
1258398 59.934434 30.310897 70 64
1265666 59.933436 30.310187 71 59
1265667 59.934164 30.312172 69 61
1268113 59.935463 30.322570 51 42
1268114 59.935503 30.322003 53 41
1268115 59.935565 30.321474 55 40
1361783 59.946111 30.330807 83 63
1361784 59.946284 30.331597 89 72
1385597 59.934598 30.316614 113 95
1390871 59.932891 30.326689 90 111
1392821 59.942036 30.340646 56 51
1392823 59.941489 30.340681 74 121
1394028 59.942963 30.340647 82 65
1394710 59.945919 30.338679 118 70
1394801 59.945168 30.340012 45 23
1395569 59.947821 30.341154 63 77
1395588 59.948120 30.338945 50 43
1410730 59.942504 30.327446 53 55
1410731 59.939650 30.325883 166 150
1413513 59.945602 30.328601 103 101
1417762 59.944191 30.324619 62 69
1417763 59.944601 30.324371 84 94
1418970 59.944243 30.323107 53 46
1418971 59.943859 30.323553 52 46
1421498 59.943404 30.325143 111 114
1422277 59.943301 30.324131 49 45
1422278 59.943051 30.323800 79 73
1435420 59.943231 30.319857 83 61
1435505 59.942982 30.319356 74 60
1435535 59.942658 30.319097 127 96
1435719 59.941379 30.322568 82 79
1436592 59.941035 30.323778 84 72
1436618 59.941022 30.321508 87 84
1436623 59.940474 30.322853 91 145
1437572 59.939565 30.320587 33 102
1437780 59.939352 30.322889 64 83
1437853 59.939080 30.320163 32 55
1437983 59.938846 30.320310 32 65
1437984 59.938983 30.322839 26 61
1438047 59.938930 30.321835 26 33
1440164 59.937631 30.320707 37 67
1448946 59.937514 30.322069 44 68
1448947 59.938008 30.322248 84 92
1448963 59.937129 30.321867 65 80
1452272 59.937181 30.318880 39 54
1453434 59.937177 30.314495 65 47
1453435 59.937707 30.314399 96 141
1453436 59.937757 30.316096 81 129
1453595 59.937537 30.324574 60 93
1482096 59.935279 30.339660 75 50
1483659 59.934471 30.340381 49 82
1483660 59.934718 30.340427 42 79
1483661 59.934161 30.339857 61 40
1494149 59.931763 30.338012 57 75
1502547 59.938742 30.332325 76 120
1502548 59.937929 30.328741 63 110
1502550 59.937890 30.337117 83 67
1502552 59.937222 30.328911 49 61
1502558 59.935444 30.336210 121 60
1502674 59.936513 30.334941 43 29
1502675 59.936595 30.334140 53 72
1517594 59.933453 30.334635 67 93
1517637 59.932493 30.341260 65 87
1519151 59.930285 30.320007 60 67
1524835 59.929889 30.320743 51 58
1524836 59.930272 30.321444 72 78
1524837 59.929641 30.321163 73 79
1588827 59.929418 30.342049 158 212
1809856 59.931516 30.332104 182 134
1878250 59.933320 30.312240 51 48
1930011 59.935391 30.323286 52 55
2000648 59.939043 30.315816 14 14
2001070 59.930749 30.309782 129 133
2050420 59.941793 30.339855 47 74
2213560 59.931194 30.320439 34 30
2213561 59.930832 30.319157 48 53
2213635 59.931543 30.319872 45 49
2385722 59.938787 30.308208 67 65
2417498 59.931195 30.313966 40 34
2417499 59.931250 30.314119 113 61
2417500 59.930912 30.314268 24 18
2594690 59.948606 30.311208 236 105
2612859 59.937826 30.308021 378 422
2614477 59.938671 30.328949 99 115
2614478 59.938750 30.329414 5 4
2663141 59.933723 30.313595 70 67
2873195 59.935072 30.333109 79 51
2873196 59.935023 30.333700 87 51
3077276 59.934940 30.307793 148 80
3084697 59.943104 30.306862 25 24
3084698 59.944675 30.304969 25 24
3084726 59.943473 30.304578 109 121
3084752 59.937499 30.306223 61 71
3084753 59.938273 30.308484 28 30
3084754 59.938396 30.308336 28 29
3084755 59.937781 30.306949 32 34
3084756 59.938277 30.306840 68 66
3084757 59.938047 30.307708 66 75
3107674 59.932522 30.310284 89 106
3107675 59.932897 30.311632 78 72
3107676 59.933016 30.309031 74 62
3107677 59.932777 30.311151 70 65
3119552 59.934349 30.312682 76 71
3119553 59.934813 30.311970 74 70
3195434 59.935629 30.329042 61 47
3229838 59.934087 30.306146 97 106
3296328 59.941520 30.304219 82 102
3298890 59.934677 30.335866 67 51
3298895 59.934609 30.336820 93 87
3298897 59.935435 30.337233 111 87
3298899 59.935718 30.335316 94 55
3757406 59.936326 30.313742 51 48
3798383 59.932983 30.339798 93 63
5332919 59.931483 30.311892 145 121
5434965 59.948273 30.340752 102 90
5434967 59.945142 30.338725 46 30
6708701 59.937804 30.336104 85 43
6749936 59.930518 30.336327 159 86
6754928 59.932784 30.337942 24 23
6754929 59.933584 30.338314 22 21
7033584 59.942929 30.328594 68 76
7033585 59.942175 30.329243 65 91
7033586 59.943813 30.327736 166 163
7033683 59.941619 30.326271 133 257
7034612 59.938682 30.324188 71 57
7034613 59.941554 30.323244 73 68
7034614 59.935636 30.327558 66 78
7034615 59.937458 30.326302 51 65
7034616 59.936242 30.325777 38 63
7034617 59.940446 30.327546 58 63
7087428 59.935818 30.318166 106 101
7087429 59.936793 30.316961 43 46
7087430 59.936313 30.315699 70 71
7544926 59.947506 30.340502 80 65
7732397 59.935076 30.314720 63 54
7854706 59.943748 30.321450 55 41
8092295 59.942417 30.317227 24 27
8092312 59.940940 30.316643 10 10
8092328 59.941602 30.314747 8 8
8201892 59.941866 30.315286 8 8
8222552 59.930165 30.334666 273 154
8257823 59.936272 30.337814 76 80
9193889 59.935710 30.327749 8 5
10708687 59.935288 30.340791 53 43
10708688 59.935427 30.338529 74 58
11533836 59.938791 30.309435 30 35
11533837 59.938555 30.308766 20 23
11763697 59.934383 30.324552 130 133
12399862 59.932540 30.332400 46 71
13331164 59.934579 30.306593 3 3
13331165 59.934136 30.307231 11 10
14136608 59.943663 30.340278 76 105
14163264 59.932242 30.339528 75 38
14191212 59.943422 30.339441 24 10
14191384 59.945613 30.340557 36 35
14191387 59.945197 30.339183 57 27
14442359 59.947799 30.339226 39 38
15657556 59.937324 30.341131 187 60
15746145 59.940889 30.329208 20 19
15746147 59.940914 30.329596 20 19
15746148 59.941126 30.329483 31 39
15746223 59.940291 30.328842 7 9
15764366 59.939025 30.320935 9 23
15764367 59.938895 30.321214 25 18
15764368 59.939122 30.321355 26 17
15764369 59.939195 30.320911 10 24
15764370 59.939335 30.320860 27 78
15764371 59.939318 30.319831 27 14
15764549 59.938945 30.321486 17 9
16655507 59.934406 30.338059 73 59
16660172 59.930392 30.306441 80 63
16774540 59.934325 30.329009 92 74
16827849 59.931935 30.333547 96 96
17322439 59.938651 30.308981 9 10
17335347 59.931933 30.322179 70 92
17339772 59.943186 30.326238 71 59
17339773 59.942853 30.327071 32 54
17339774 59.943834 30.325629 76 69
17343293 59.943292 30.322046 59 50
17343294 59.943910 30.322349 106 103
17876067 59.931426 30.316385 59 56
18083800 59.932476 30.325995 21 41
18083801 59.932275 30.326471 30 40
18083802 59.932182 30.326959 18 23
18083803 59.932015 30.327464 31 40
18083804 59.931782 30.328071 33 45
18083805 59.931543 30.328543 32 30
18083806 59.932130 30.327359 118 182
18175293 59.947053 30.338950 184 275
18231936 59.943811 30.339687 272 139
18232752 59.933745 30.327173 94 124
28566728 59.942409 30.304669 164 168
28566730 59.942425 30.304872 30 36
28566731 59.942180 30.304657 23 40
28566732 59.941987 30.304442 23 34
28691640 59.939245 30.329178 37 59
28691665 59.938112 30.338613 31 32
28691666 59.938339 30.339832 31 32
28691674 59.938541 30.337217 35 45
28691685 59.938613 30.341110 91 82
28691689 59.938880 30.339412 39 24
28691693 59.938946 30.339862 43 25
28691700 59.939344 30.340256 45 51
28691706 59.939088 30.340595 48 55
28691817 59.936415 30.340508 26 36
28893849 59.931793 30.336180 84 62
28962563 59.931962 30.340899 75 81
28966446 59.940063 30.328815 41 58
28966473 59.939788 30.327614 78 33
28966476 59.939057 30.327310 78 33
28966479 59.938105 30.326699 102 75
30353981 59.941078 30.330312 16 12
30353982 59.940862 30.333911 17 25
30353986 59.941732 30.324525 19 11
30353987 59.941692 30.325196 38 22
33112674 59.938925 30.308851 48 67
33112677 59.938508 30.307467 68 66
41230751 59.947232 30.336090 22 29
41289421 59.940193 30.317793 81 122
41601818 59.930305 30.305015 57 40
45574369 59.930022 30.305964 112 133
46737513 59.930120 30.341566 68 138
49697152 59.933857 30.311991 42 36
49831568 59.934115 30.309919 63 62
49831592 59.933993 30.309439 48 57
49832664 59.933587 30.313024 52 49
49832665 59.933456 30.312620 46 43
49832667 59.933224 30.311804 42 42
49832668 59.932867 30.312911 21 32
49832671 59.933320 30.314192 62 64
49832676 59.932882 30.312317 52 54
49861780 59.933656 30.309106 79 85
51133425 59.936505 30.325577 33 34
51133426 59.936437 30.326160 33 36
51133428 59.935919 30.325356 58 40
51411008 59.935941 30.315878 52 30
52153127 59.935897 30.314911 65 66
52153135 59.934000 30.316376 84 59
52153139 59.934860 30.314568 35 33
52153146 59.934321 30.315516 120 76
52153147 59.934267 30.315104 65 58
52153148 59.934376 30.315770 15 16
52153150 59.935220 30.312901 88 88
52153151 59.935020 30.312618 22 22
52153153 59.934173 30.316088 36 33
52153154 59.933474 30.315653 20 26
52153156 59.933681 30.315725 45 59
52153158 59.933524 30.315007 66 64
52153160 59.933986 30.314286 67 60
53610230 59.933195 30.328401 135 90
53610231 59.934334 30.329815 19 20
60146985 59.936709 30.324731 50 26
60146987 59.936905 30.323115 50 25
60146989 59.936088 30.324284 82 59
60146990 59.936662 30.326334 30 28
60147557 59.934440 30.326667 81 45
60198678 59.934456 30.338728 89 45
60198701 59.934192 30.339217 64 55
60203057 59.935197 30.335217 30 21
60203061 59.935385 30.334500 181 74
60203063 59.935461 30.332362 89 84
60203065 59.935350 30.331355 93 54
60203066 59.934791 30.334876 70 50
60203073 59.935387 30.332283 23 33
60203074 59.934919 30.332420 32 32
60203081 59.934997 30.331770 27 32
61411456 59.947431 30.338142 31 43
61411464 59.942588 30.324452 26 52
62295243 59.936120 30.331718 95 55
66055173 59.937025 30.338204 45 28
66055181 59.937169 30.337085 67 77
66055186 59.936961 30.339173 185 103
66055194 59.936445 30.336619 89 54
66061236 59.935165 30.310467 60 55
66067670 59.934739 30.309495 57 53
66067677 59.934980 30.309023 56 53
66067685 59.935226 30.308802 38 18
66233044 59.936529 30.314251 55 63
66286146 59.934619 30.339366 57 43
66286149 59.934815 30.338152 33 43
66286157 59.935394 30.337069 28 41
66286159 59.936577 30.335331 24 29
66286167 59.935032 30.338424 34 72
66309861 59.931615 30.321252 19 19
66309862 59.931594 30.317926 69 68
66309865 59.932231 30.324148 39 62
66309869 59.933843 30.322327 50 62
66309871 59.931367 30.319630 20 25
66309872 59.931177 30.318608 47 65
66309877 59.933634 30.323448 39 57
66309882 59.933439 30.323253 37 56
66309886 59.933747 30.320789 33 34
66309888 59.935093 30.323275 33 41
66309889 59.933498 30.320527 30 46
66309894 59.932386 30.316848 142 142
66309897 59.932898 30.317017 64 59
66309903 59.932581 30.324234 56 69
66309907 59.932319 30.321137 148 83
66331463 59.932358 30.314208 40 71
66331464 59.931013 30.316707 50 43
66331467 59.932297 30.317406 30 26
66331468 59.931522 30.313231 52 49
66331470 59.931021 30.315338 47 77
66331473 59.930914 30.313650 76 47
66331476 59.932239 30.315726 118 125
66331483 59.931684 30.315378 34 20
66331487 59.930335 30.315174 101 131
66331489 59.931588 30.315996 39 64
66331494 59.931454 30.317235 15 21
66331501 59.932126 30.315160 29 23
66331506 59.931807 30.314567 26 41
66331507 59.930895 30.315596 66 91
66331513 59.930526 30.314274 40 49
66331517 59.931068 30.314851 30 37
66331526 59.931271 30.315271 34 29
66331532 59.931621 30.316991 38 37
66339281 59.931449 30.310762 81 77
66339285 59.930615 30.313105 70 65
66339287 59.930936 30.311055 67 49
66339289 59.930154 30.311833 55 38
66339290 59.930294 30.310768 61 60
66339297 59.930054 30.313625 49 63
66349439 59.930180 30.327658 38 36
66349441 59.929839 30.326877 37 34
66349453 59.930267 30.327860 36 33
66349465 59.930002 30.327242 36 33
66349477 59.930094 30.327456 36 33
66462792 59.930347 30.331393 68 62
66462803 59.929995 30.330968 40 37
66462807 59.929831 30.332045 70 71
66462821 59.930383 30.328991 80 81
66462828 59.930828 30.329972 76 75
66462837 59.929773 30.330219 54 55
66462838 59.929729 30.329731 201 242
66462841 59.930901 30.330376 73 73
66462848 59.929998 30.330560 72 45
66462850 59.930603 30.329477 94 93
66516791 59.929955 30.328170 30 31
66519241 59.931198 30.334220 52 51
66519243 59.931481 30.334551 34 41
66519246 59.931081 30.333667 18 17
66519250 59.932630 30.332887 69 58
66519259 59.932151 30.334954 42 38
66519271 59.933087 30.333391 55 61
66519277 59.932391 30.334438 38 54
66519281 59.931449 30.333686 20 21
66519288 59.932576 30.333537 51 58
66519290 59.932150 30.334138 33 53
66519293 59.930539 30.331766 254 248
66519297 59.931828 30.334692 50 51
66583072 59.931482 30.339375 83 89
66583099 59.931495 30.338045 28 87
66583112 59.931189 30.337839 62 89
66583114 59.931520 30.340665 45 55
66647854 59.929762 30.308746 52 48
66647896 59.929866 30.310059 72 86
66696071 59.929830 30.322050 34 35
66696075 59.930036 30.320405 53 59
66696077 59.930356 30.320613 26 25
66696081 59.930586 30.320908 59 75
66696086 59.929911 30.322266 90 96
66866995 59.929830 30.324209 60 97
66867004 59.930369 30.325147 41 38
66867006 59.930389 30.323523 96 96
66867013 59.930541 30.323943 95 83
66867023 59.930119 30.323206 40 40
66867024 59.931280 30.324000 99 65
66875027 59.936020 30.332941 85 52
66875037 59.935841 30.333476 109 58
66925417 59.934343 30.327691 25 42
66925418 59.934360 30.328434 68 28
66925421 59.933717 30.327240 28 46
66925423 59.933353 30.326726 61 90
66925427 59.936189 30.329333 80 57
66925430 59.933228 30.327752 45 45
66925433 59.936390 30.328742 37 28
66925437 59.936094 30.329817 187 69
66925447 59.936521 30.329526 22 47
66925454 59.935698 30.328377 110 35
66925458 59.933752 30.328482 64 44
66925461 59.934752 30.329151 29 40
67548535 59.940762 30.318253 28 29
67548538 59.940423 30.317906 48 56
67548550 59.940529 30.318798 47 47
67548585 59.941069 30.318523 44 58
67548590 59.940765 30.319073 42 25
67548594 59.937402 30.318802 18 64
69121299 59.942926 30.320982 69 58
69121307 59.943701 30.320802 32 42
69121313 59.942803 30.320273 32 25
69741370 59.933471 30.304400 44 47
69741391 59.932551 30.304720 61 52
69741412 59.932714 30.305460 23 19
69741423 59.932006 30.304742 57 53
71527082 59.937050 30.326348 57 41
71527665 59.937108 30.325769 52 27
72989534 59.942660 30.329110 44 61
72989542 59.942458 30.328590 48 65
73269646 59.936350 30.321104 58 111
74518654 59.933943 30.327603 24 22
75374317 59.940684 30.326055 47 98
75374318 59.936851 30.323901 62 42
77006478 59.932987 30.323057 9 9
81159974 59.947626 30.338752 42 30
82515934 59.937265 30.320643 65 59
84734083 59.936236 30.322960 87 48
84734084 59.938211 30.324047 28 43
84734085 59.938043 30.324303 72 84
84734089 59.940065 30.324621 206 70
84734090 59.937555 30.323544 87 59
84832528 59.938555 30.322498 35 84
84832529 59.938790 30.322594 31 82
84832716 59.940184 30.321460 28 92
84832721 59.939769 30.322817 32 53
84832728 59.938617 30.320907 47 114
84832732 59.937950 30.320426 47 55
84841245 59.936753 30.325791 36 52
87021173 59.948020 30.338582 51 39
87021390 59.947156 30.340751 37 74
87021479 59.948074 30.339572 82 51
96353984 59.947147 30.339829 37 23
96702284 59.941052 30.340815 65 56
96827444 59.942538 30.340978 28 46
96845166 59.945117 30.339616 37 25
96845169 59.945218 30.340355 55 24
96849251 59.945443 30.339667 37 35
96849256 59.945609 30.340097 23 23
96872147 59.946227 30.340611 62 27
96873490 59.945834 30.339887 53 71
96878424 59.946342 30.339731 32 73
96887986 59.945762 30.340740 20 14
96958215 59.945233 30.340772 55 21
97257516 59.942075 30.339514 25 44
97257604 59.942077 30.340067 34 17
98329245 59.939318 30.325444 36 31
98329246 59.939468 30.326137 20 26
98329247 59.939987 30.325675 29 30
98329248 59.939228 30.326154 30 46
98329252 59.939886 30.326289 30 31
98932259 59.944949 30.325242 44 55
98932262 59.944622 30.325563 58 60
98940061 59.944399 30.325220 36 32
98945339 59.943934 30.324222 20 19
98945340 59.943842 30.324014 20 21
98945341 59.944508 30.323468 22 22
98945344 59.944444 30.323243 19 17
99028173 59.943450 30.322930 61 73
99028176 59.943802 30.323258 25 21
99250153 59.942943 30.325908 28 27
99250154 59.943057 30.327280 27 24
99250160 59.943412 30.326666 69 60
99299607 59.942691 30.326115 39 87
99310276 59.943240 30.324616 76 63
99310279 59.942704 30.325426 32 33
99313019 59.942895 30.324825 53 48
99315192 59.942840 30.324392 13 15
99315196 59.942615 30.324988 9 13
99315502 59.942640 30.323691 71 51
99315503 59.942953 30.323117 55 35
99318932 59.942903 30.322746 26 27
99318934 59.942556 30.322764 73 58
99318938 59.942409 30.323465 23 27
99350060 59.942372 30.321535 50 51
99350061 59.942134 30.321910 41 49
99350062 59.942599 30.321924 24 27
99350063 59.942521 30.322150 18 14
99350064 59.942189 30.322430 16 22
99619673 59.942010 30.321358 37 37
99619674 59.942208 30.321049 34 34
99737210 59.941630 30.320581 28 30
99737212 59.941822 30.320227 42 42
99737214 59.942010 30.320602 47 45
99737217 59.941819 30.320997 44 42
99738316 59.941707 30.319789 32 32
99738317 59.941529 30.320132 43 43
99742783 59.941368 30.319261 34 32
99742786 59.941286 30.319740 51 43
99742787 59.941530 30.319439 34 34
100016301 59.938070 30.317263 21 24
100334755 59.943321 30.321465 34 25
100334757 59.943055 30.321469 63 60
100334762 59.943453 30.320997 49 41
100345508 59.943437 30.320309 63 33
100345511 59.943386 30.320693 45 29
100432952 59.942710 30.320534 93 66
100439072 59.942453 30.319956 71 58
100548218 59.940957 30.322876 16 28
100548461 59.941441 30.321759 26 28
100549290 59.940700 30.323646 42 64
100550185 59.940891 30.320925 57 62
100607146 59.940213 30.322652 60 133
100609367 59.940517 30.317763 31 37
100613291 59.940672 30.320750 61 88
100613660 59.940491 30.320092 36 29
100616697 59.939936 30.320886 88 134
100645939 59.939961 30.322992 44 90
100645941 59.939183 30.321736 9 13
100687081 59.938411 30.320489 35 67
100904719 59.938051 30.321059 39 45
101852874 59.937206 30.321676 18 40
102048766 59.937830 30.317631 24 28
102122479 59.937438 30.318014 18 20
102122480 59.937205 30.318080 35 32
102154757 59.936814 30.318897 20 54
102156997 59.936856 30.317956 15 17
102157005 59.936589 30.318588 53 85
102213470 59.937088 30.316959 35 52
102213473 59.937347 30.316968 32 58
102213474 59.937614 30.317110 45 49
102214825 59.936907 30.316227 63 31
102214828 59.937191 30.316368 7 11
102215966 59.937104 30.315701 86 39
102216535 59.937321 30.316193 65 34
102216631 59.937084 30.315247 61 31
102253013 59.937125 30.314985 61 31
102253092 59.937210 30.313840 62 54
102253360 59.937251 30.313212 57 61
102265045 59.939711 30.326179 11 24
102268983 59.939805 30.326649 45 23
102270881 59.938709 30.325162 51 76
102273582 59.937996 30.325165 77 51
102277640 59.937154 30.324624 35 17
102277642 59.937274 30.323594 37 22
102277643 59.937102 30.324944 45 22
102278931 59.936375 30.324227 43 30
102279862 59.936478 30.323262 46 16
102305446 59.938459 30.326422 73 36
102305449 59.935862 30.325893 58 39
104697719 59.935392 30.339182 70 38
104795611 59.934965 30.340592 46 73
104795620 59.935334 30.340163 49 30
105218767 59.937435 30.340541 129 63
105218769 59.936446 30.338698 33 41
105218770 59.937400 30.338069 50 45
105365003 59.930265 30.338560 41 34
105365005 59.930093 30.338273 27 38
105365009 59.930907 30.337519 61 56
105365013 59.930508 30.338476 64 70
105365019 59.930679 30.338594 75 80
105436252 59.938657 30.339795 26 16
105506969 59.938381 30.334565 18 28
105506975 59.936382 30.328422 11 16
105506976 59.936787 30.328992 22 29
105506978 59.938262 30.337329 25 59
106415062 59.930831 30.339545 37 46
106415063 59.931196 30.340397 17 16
106415064 59.930799 30.338935 65 80
106415067 59.931045 30.339805 42 54
106547182 59.930040 30.318698 64 80
106547197 59.929836 30.319020 69 76
107035949 59.931948 30.318668 55 64
114777630 59.930120 30.316080 19 25
115428581 59.933649 30.331633 7 7
115428582 59.932856 30.329933 15 14
115428587 59.933255 30.330515 44 43
115428590 59.933543 30.330991 23 23
127645396 59.941206 30.330359 15 10
131511947 59.933210 30.334421 25 33
133054731 59.938479 30.325347 33 48
133054740 59.938911 30.326738 8 8
133054741 59.939178 30.326810 61 19
134868630 59.929624 30.335567 93 41
142490933 59.933405 30.324358 7 9
142612927 59.933776 30.321668 10 9
142612928 59.933680 30.321553 19 15
156427614 59.941754 30.340735 19 15
156796821 59.941734 30.340072 4 5
156796823 59.941732 30.339911 6 4
156796824 59.942026 30.339848 3 5
156796829 59.941938 30.339835 6 6
159079287 59.945901 30.336935 24 18
159079293 59.946339 30.335679 19 18
159079348 59.945004 30.336327 20 39
164108314 59.932498 30.340087 18 19
166120202 59.931446 30.321580 16 21
166121963 59.931892 30.322420 5 5
166121983 59.931170 30.323357 16 17
166894018 59.931627 30.321892 46 58
171562379 59.932003 30.304738 10 11
171562380 59.931981 30.304890 6 6
173528736 59.947799 30.305728 59 52
184496243 59.939037 30.312592 11 12
189092965 59.935616 30.320685 30 33
189092969 59.935253 30.320144 60 96
197658139 59.942128 30.330790 6 6
197658140 59.945300 30.336465 40 35
216958983 59.935125 30.332023 7 7
219497460 59.932602 30.320355 78 53
222751438 59.930357 30.337401 114 90
231590737 59.931074 30.312619 16 13
231595805 59.930763 30.312473 29 33
231683091 59.930573 30.312269 42 27
232170680 59.930682 30.312013 31 19
232231705 59.930324 30.308568 38 13
232266724 59.930884 30.311453 17 14
232266725 59.930813 30.311673 20 28
232267876 59.930335 30.312942 23 34
232268633 59.930296 30.313328 38 52
232268634 59.929815 30.313389 77 97
232327305 59.932540 30.305849 11 13
232346081 59.934236 30.311454 10 9
232346083 59.934145 30.311842 23 18
232346085 59.934417 30.312489 17 15
232349540 59.933090 30.313794 32 37
232349541 59.932958 30.313375 21 33
232349542 59.933238 30.312925 25 27
232360845 59.933557 30.310586 73 63
232360846 59.933723 30.310689 22 19
232365288 59.933240 30.312749 9 10
232457515 59.930328 30.324881 51 45
232457517 59.930101 30.325268 10 12
232457518 59.930721 30.324225 49 43
232457519 59.930681 30.324615 38 37
233051447 59.933390 30.321181 20 18
233051448 59.934658 30.319074 14 12
233051450 59.933039 30.321281 20 21
233051452 59.933359 30.321374 34 23
233061134 59.931890 30.320331 24 15
233061136 59.932487 30.317879 16 19
233061140 59.931680 30.319352 18 24
233061144 59.932727 30.316611 11 10
233061147 59.931556 30.318840 19 21
233061151 59.931879 30.319477 11 32
233061153 59.931790 30.318365 47 50
233061156 59.932369 30.320580 17 24
233061158 59.932671 30.319137 8 8
233061160 59.932150 30.320308 35 27
233061162 59.931457 30.318533 15 19
234026870 59.935083 30.313069 20 23
235984453 59.937929 30.334280 96 160
243384461 59.940640 30.317237 40 44
244000429 59.934885 30.336886 4 5
244000748 59.935250 30.334851 29 21
252518847 59.937139 30.334259 85 79
256711796 59.934783 30.327227 13 19
259899296 59.933318 30.317543 57 65
283443070 59.939523 30.325129 36 30
304476062 59.933715 30.338135 2 2
304476122 59.930205 30.332867 14 14
304476123 59.930305 30.332906 101 100
307653068 59.941761 30.336573 4 4
307653069 59.941898 30.336947 3 3
308977180 59.938018 30.335196 10 12
308977181 59.937864 30.335898 8 7
309623035 59.938572 30.335604 8 24
309623036 59.938488 30.336201 20 15
309796655 59.938402 30.318428 253 110
311015868 59.945951 30.334331 12 26
311015902 59.946628 30.334732 5 5
311015903 59.946014 30.335932 12 12
313995870 59.935928 30.323614 2 2
325624132 59.938319 30.307921 10 9
346882636 59.947407 30.339158 22 16
357550178 59.931376 30.315921 7 8
383959300 59.934064 30.327729 22 53
383959547 59.934050 30.327228 11 19
415486980 59.935296 30.306349 7 7
415486981 59.935368 30.306535 8 9
420392075 59.934899 30.327958 39 88
445053772 59.942546 30.324719 1 2
446355118 59.936908 30.305462 11 14
446355140 59.939044 30.310182 15 17
446792171 59.936169 30.336360 3 3
447550524 59.935160 30.337051 17 21
456354014 59.947516 30.339408 34 18
456666788 59.931121 30.338633 21 21
478514017 59.938986 30.325468 36 130
497324213 59.936965 30.318539 23 84
508887491 59.935344 30.309324 8 8
508887494 59.935434 30.309330 12 10
508887497 59.935442 30.309575 24 28
523702404 59.930580 30.337404 16 6
528903590 59.932547 30.319614 46 46
528903591 59.932831 30.319891 38 30
528903597 59.932995 30.320319 11 13
528903599 59.932324 30.319940 43 24
528903603 59.932309 30.319644 13 15
533278967 59.936457 30.320487 7 6
540286076 59.935108 30.314158 41 28
540286082 59.935184 30.314367 17 15
540304677 59.934994 30.326866 37 37
540304679 59.934587 30.327114 22 18
540304680 59.934459 30.327196 5 6
540304682 59.934132 30.327189 11 11
548984417 59.933199 30.313162 69 85
549454801 59.940715 30.316064 10 10
549454802 59.941078 30.315527 20 18
549454806 59.941299 30.316106 11 11
559879293 59.945985 30.339420 3 5
559879295 59.946034 30.339721 11 13
559879300 59.945910 30.339251 12 8
567780996 59.941140 30.315005 26 29
573407644 59.933070 30.334790 19 38
584371646 59.931366 30.319280 47 42
584371657 59.931445 30.318694 6 7
587445527 59.940044 30.327396 19 21
588154070 59.937042 30.335036 32 14
591842869 59.940161 30.327771 12 19
591842876 59.940481 30.325257 6 7
592178587 59.943768 30.337489 3 3
593820921 59.937713 30.337362 14 8
606857038 59.934798 30.328783 21 13
623509603 59.939658 30.328855 3 4
635547761 59.931701 30.324240 10 11
647628664 59.930103 30.307015 18 13
647666688 59.930614 30.308573 9 10
683621059 59.941194 30.321937 11 11
683621063 59.941039 30.322223 32 37
688660632 59.940486 30.338221 11 7
690385447 59.939959 30.322458 10 14
690751842 59.936587 30.329031 12 10
691424563 59.941525 30.337881 3 3
691424564 59.940887 30.335847 3 3
693924341 59.939082 30.322115 10 14
693924347 59.939596 30.321894 6 6
750453623 59.930578 30.322296 92 96
792490478 59.936230 30.305531 7 7
792490479 59.936205 30.305570 7 7
792528875 59.932538 30.327589 14 12
793326868 59.946913 30.338385 25 21
813296125 59.947688 30.337928 9 9
813296126 59.947075 30.338830 8 6
813296127 59.946959 30.338898 13 7
836173564 59.943107 30.321735 6 7
837410298 59.936369 30.315656 9 13
839827850 59.938489 30.309097 35 41
839827851 59.938680 30.309706 18 17
864140475 59.940722 30.318353 8 8
944738482 59.931512 30.340461 12 15
965448489 59.930873 30.312805 11 9
1062079754 59.932215 30.337663 9 6
1064485674 59.943405 30.340357 6 10
1064485675 59.943388 30.340093 7 6
1064485676 59.943356 30.339836 9 7
1064485677 59.943199 30.339842 11 32
1064495455 59.945495 30.340047 6 7
1085097940 59.947381 30.340040 52 54
1085097941 59.947596 30.339703 27 37
1085097942 59.947743 30.339865 7 7
1086062748 59.946753 30.332451 4 4
1086062753 59.947577 30.336120 3 3
1086062766 59.947129 30.334127 3 3
1086062770 59.947072 30.333880 3 3
1087298189 59.939634 30.323128 6 26
1087298190 59.939702 30.323527 21 18
1089906891 59.946200 30.334137 10 23
1090301743 59.946956 30.335847 3 3
1099358055 59.929931 30.338006 9 9
1155807644 59.939597 30.322004 6 6
1155807645 59.939596 30.321766 6 8
1158028535 59.936525 30.339059 20 11
1158028541 59.937042 30.338501 17 13
1158028542 59.937234 30.338431 23 16
1164105847 59.939059 30.329085 8 10
1177904550 59.947488 30.333715 11 16
1178548545 59.931372 30.333891 7 7
1178548546 59.931320 30.333763 14 14
1178548556 59.929939 30.333939 14 14
1178548557 59.930161 30.334575 18 11
1178548558 59.930919 30.334335 32 26
1178548559 59.931537 30.334106 34 33
1178548561 59.932068 30.333833 24 23
1178548562 59.931918 30.334159 13 13
1216411856 59.930869 30.324728 19 17
1216411867 59.930494 30.324795 12 12
1216411874 59.930184 30.325377 13 14
1216689589 59.934906 30.323431 6 4
1216689591 59.933989 30.322944 6 4
1221351298 59.936513 30.312335 29 26
1227968848 59.934550 30.328937 8 9
1229081784 59.939131 30.330116 15 14
1229081785 59.938387 30.333771 35 20
1230807517 59.940821 30.314069 11 10
1231631827 59.932247 30.333540 29 22
1256869004 59.930427 30.332452 37 36
1256886052 59.938892 30.340270 9 8
1260440831 59.936547 30.335435 6 8
1260440832 59.936394 30.335584 42 50
1262018389 59.942630 30.325321 14 17
1262322399 59.943487 30.322157 23 17
1266416197 59.934255 30.310284 16 19
1295393119 59.933164 30.311965 4 4
1295393121 59.932945 30.312282 4 4
1295393123 59.933112 30.311837 5 4
1303821968 59.931266 30.315575 6 5
1303821969 59.931226 30.315604 6 8
1303981206 59.930783 30.314413 13 12
1314410258 59.936549 30.333225 3 3
1314411900 59.937164 30.334984 6 6
1314665813 59.936864 30.337369 32 57
1314665816 59.936486 30.337137 5 7
1314665818 59.936795 30.337920 6 5
1314721603 59.938224 30.334166 13 11
1317729255 59.930809 30.324273 13 10
1324888006 59.946813 30.338176 11 7
1324888007 59.947016 30.338948 7 5
1324888009 59.946889 30.339043 17 10
