334
7657316 53.906314 27.557755 34 60
8478813 53.903683 27.557519 86 80
18503423 53.904381 27.559259 21 17
18503425 53.904786 27.559203 37 43
25327488 53.905799 27.557260 48 45
25327489 53.907838 27.556428 16 18
25327492 53.908592 27.557046 20 19
25327493 53.905796 27.556852 44 24
25327495 53.905403 27.558132 21 11
25327497 53.908427 27.556908 30 24
25327498 53.905801 27.558378 24 31
25327500 53.908162 27.556707 20 19
25327503 53.905186 27.558126 18 12
25327504 53.908005 27.556580 27 22
25327505 53.905495 27.557644 96 69
25327508 53.905610 27.558314 17 24
25327509 53.904943 27.559113 28 30
25327511 53.905200 27.559436 27 28
25327515 53.908248 27.556352 23 29
25327517 53.905048 27.560054 31 32
25327518 53.904621 27.560099 46 36
25327519 53.907516 27.557016 34 23
25327521 53.904969 27.558081 16 17
25327522 53.903785 27.558298 35 32
25327525 53.904543 27.557009 28 76
25327528 53.904778 27.558413 41 60
25327530 53.904353 27.559697 42 43
25327531 53.907771 27.557631 36 52
25327534 53.904712 27.560228 37 39
25327535 53.903903 27.558751 36 41
25327537 53.904716 27.557029 30 46
25327538 53.904810 27.563247 55 61
25327539 53.904206 27.557803 70 58
25327540 53.905037 27.558609 26 38
25327547 53.904988 27.557215 52 75
25327551 53.905517 27.561697 60 105
25327558 53.903354 27.563381 83 90
25327560 53.903309 27.560461 179 174
25327571 53.900472 27.560521 14 15
25327574 53.901866 27.558751 20 18
25327575 53.902138 27.558616 16 15
25327576 53.900412 27.556435 20 21
25327577 53.902015 27.559201 46 38
25327578 53.903203 27.558126 27 31
25327584 53.902555 27.563852 29 33
25327587 53.899986 27.561217 54 40
25327595 53.902615 27.557058 51 62
25327599 53.900882 27.556560 51 47
25327602 53.902911 27.558633 76 60
25327614 53.902229 27.559549 93 80
25327619 53.900853 27.562761 68 49
25327624 53.902841 27.557711 67 72
25327626 53.899383 27.563029 66 72
25387223 53.908101 27.556025 23 31
25387224 53.903951 27.555777 29 33
25387229 53.907695 27.556144 38 31
25387231 53.903558 27.556109 31 40
25387237 53.904186 27.555906 56 41
25387247 53.908572 27.556327 43 52
25387248 53.905264 27.556340 49 53
25387252 53.907659 27.555751 16 20
25387260 53.903508 27.552188 11 12
25387262 53.904614 27.549080 19 18
25387263 53.905404 27.548889 34 22
25387264 53.904496 27.549673 18 19
25387267 53.905233 27.550005 10 11
25387268 53.907836 27.555180 21 18
25387270 53.904327 27.549246 19 27
25387271 53.903658 27.552483 29 32
25387276 53.905093 27.551714 21 16
25387279 53.904493 27.555644 22 25
25387282 53.905934 27.556097 19 72
25387285 53.905192 27.549213 27 24
25387289 53.903611 27.552930 27 31
25387293 53.906231 27.548642 33 28
25387294 53.903436 27.553368 32 35
25387298 53.907498 27.548207 31 22
25387304 53.905691 27.548398 34 26
25387307 53.907664 27.549723 40 50
25387308 53.903623 27.548518 38 16
25387311 53.904502 27.549355 33 30
25387312 53.904712 27.551762 27 39
25387313 53.903898 27.553545 43 37
25387319 53.904098 27.548334 56 37
25387321 53.904259 27.555424 61 40
25387323 53.904305 27.548716 52 43
25387324 53.904433 27.553555 69 57
25387326 53.905211 27.552212 89 66
25387327 53.905950 27.549576 88 97
25387329 53.907086 27.552701 85 70
25387343 53.903295 27.552501 56 37
25387350 53.903073 27.554115 26 34
25387358 53.901696 27.556234 40 41
25387360 53.901649 27.555653 15 14
25387361 53.901520 27.550883 15 14
25387366 53.902710 27.554063 20 18
25387376 53.899573 27.553657 20 18
25387380 53.900331 27.548467 21 24
25387398 53.903172 27.551882 21 18
25387399 53.902903 27.552144 25 23
25387402 53.903177 27.551462 26 23
25387410 53.902353 27.554406 27 30
25387416 53.901783 27.550351 27 33
25387418 53.901116 27.550553 37 30
25387419 53.902678 27.552486 41 35
25387420 53.903106 27.552392 31 29
25387421 53.900751 27.553226 39 29
25387427 53.902720 27.551116 29 25
25387429 53.900309 27.554386 41 31
25387432 53.900657 27.554073 38 31
25387439 53.902480 27.548676 54 45
25387440 53.899818 27.552423 33 37
25387442 53.901528 27.553031 46 35
25387449 53.901441 27.555481 30 46
25387452 53.901810 27.554040 45 53
25387453 53.900545 27.552278 60 28
25387455 53.901914 27.551491 51 46
25387458 53.902025 27.553696 51 52
25387459 53.901769 27.555283 37 40
25387462 53.902789 27.553215 51 54
25387463 53.900409 27.555211 62 51
25387464 53.899987 27.553202 74 54
25387466 53.902854 27.554965 75 64
25387467 53.900278 27.553622 76 66
25387469 53.902256 27.553053 79 70
25387471 53.901181 27.554348 73 61
25387478 53.899538 27.554646 57 71
25387495 53.899501 27.550497 62 67
25432610 53.905631 27.563830 53 67
25432612 53.904395 27.563721 49 55
25432614 53.901316 27.557517 37 35
25432617 53.899572 27.562289 35 31
25432618 53.899780 27.560875 36 38
25432635 53.899699 27.561789 39 46
25432641 53.901027 27.557936 45 40
25432653 53.899390 27.560025 59 43
25432657 53.901700 27.556978 65 56
25432661 53.902141 27.557530 77 68
25432665 53.901610 27.558293 64 58
25432666 53.901351 27.559632 110 133
25432668 53.900880 27.560391 106 117
25434066 53.908877 27.555883 66 38
25434073 53.905058 27.549816 16 20
25434087 53.904946 27.550020 26 21
25434101 53.904717 27.549928 22 26
25434107 53.908496 27.555628 25 21
25434113 53.908027 27.555404 24 31
25434124 53.908246 27.555518 25 27
25434137 53.904880 27.549452 33 22
25434144 53.904914 27.548956 23 32
25434157 53.905744 27.551707 38 31
25434201 53.905058 27.548491 50 36
25434278 53.906439 27.551071 124 84
25434457 53.904101 27.550370 70 59
25434522 53.902634 27.548236 44 55
25434530 53.902246 27.555824 28 27
25434542 53.902168 27.556338 52 48
25434608 53.902138 27.550439 24 31
25434624 53.902690 27.555607 52 41
25434629 53.901419 27.549779 37 35
25434652 53.902359 27.551659 25 28
25434673 53.902370 27.555301 42 48
25434675 53.899767 27.556384 113 149
25434676 53.901936 27.552562 53 43
25434682 53.900249 27.551875 69 52
25434684 53.899382 27.551939 97 68
27422412 53.900570 27.557658 86 122
33506454 53.903348 27.556287 11 10
35605527 53.901902 27.553263 15 17
35605528 53.901678 27.553552 31 28
35605529 53.901453 27.554971 49 37
35606014 53.902541 27.551440 22 24
35606087 53.902408 27.551083 33 37
35980665 53.901888 27.550764 40 44
35980670 53.902502 27.548012 40 52
35980676 53.907316 27.550742 83 47
35980684 53.904408 27.548999 12 14
35980687 53.904817 27.550989 89 46
35995625 53.902097 27.554683 42 47
35995626 53.902209 27.552041 44 45
35995627 53.900024 27.554641 33 26
35995628 53.899836 27.554843 23 20
35995629 53.901177 27.550189 26 27
35995636 53.903289 27.553027 21 26
35995638 53.903188 27.552827 21 22
35995639 53.903443 27.552694 35 29
35995640 53.902976 27.552321 22 27
35995641 53.903056 27.552004 16 15
35995642 53.903335 27.552086 39 27
35995643 53.903460 27.551722 21 30
35995645 53.902804 27.551597 49 30
35995657 53.900154 27.560320 64 57
35995658 53.900771 27.561508 59 53
35995661 53.899286 27.557201 115 143
35995662 53.900040 27.558718 63 78
35995663 53.899855 27.559549 60 52
38613542 53.900890 27.563300 13 12
38809285 53.901222 27.552736 41 49
38809286 53.900808 27.551515 32 61
38809288 53.902656 27.552721 17 20
38809289 53.901010 27.552942 30 34
38809291 53.900581 27.551890 16 15
53037722 53.904033 27.552465 101 110
53037751 53.902459 27.550140 195 141
53039845 53.899264 27.552839 93 46
78407394 53.906562 27.548412 50 53
78411542 53.904860 27.560754 25 24
78411548 53.905426 27.558707 46 47
78411554 53.905565 27.559387 48 98
78411559 53.905416 27.559104 16 13
100454024 53.907775 27.555379 21 13
100454025 53.907788 27.555564 17 20
156144832 53.904551 27.561764 63 77
156144834 53.904081 27.556937 46 58
180967644 53.904059 27.559115 20 21
180967647 53.904206 27.559392 26 20
180967653 53.906959 27.553267 8 8
180967655 53.905277 27.560453 16 21
229053584 53.908489 27.548505 112 120
229053587 53.906734 27.549155 15 8
229053588 53.908189 27.548266 43 41
245833972 53.901451 27.550617 29 21
255098531 53.901599 27.549898 23 25
263934874 53.901991 27.550018 37 37
263934875 53.901788 27.549688 24 27
274148485 53.904341 27.557178 20 30
290617443 53.901390 27.556558 10 10
303608933 53.904855 27.551398 32 22
303608940 53.905414 27.551534 8 10
325698205 53.901355 27.559515 15 14
325698208 53.901461 27.559732 15 13
325698209 53.901637 27.559306 54 50
332888504 53.901201 27.553616 30 24
332888698 53.901150 27.553374 30 40
332899356 53.900874 27.552643 22 23
332899360 53.900627 27.552012 16 15
332901946 53.902873 27.554293 18 17
332910389 53.902904 27.551109 8 8
336559337 53.906203 27.558999 79 89
336559342 53.906279 27.556713 18 22
346078787 53.908080 27.549527 79 76
347338490 53.904833 27.558093 16 24
347338491 53.905711 27.556326 48 96
359177651 53.906278 27.557027 18 11
361680328 53.903728 27.549648 56 42
361680329 53.903081 27.549145 93 69
361790542 53.905924 27.555013 9 8
362065701 53.905374 27.549603 29 24
367600858 53.904362 27.558584 59 61
367856123 53.902252 27.550766 27 23
386718948 53.905857 27.560035 46 59
387209945 53.904717 27.548582 19 24
401636929 53.899854 27.562884 33 31
401636935 53.899966 27.562435 40 53
431615462 53.902059 27.553448 20 25
431615463 53.902284 27.553868 21 19
431890285 53.899574 27.558566 22 19
431890301 53.899728 27.559345 42 36
441748756 53.904374 27.558191 54 32
459809865 53.899726 27.562382 7 7
478294133 53.901727 27.554808 4 4
478294136 53.902061 27.555534 32 35
482601233 53.903406 27.554053 34 39
482601234 53.903468 27.554560 45 43
482601237 53.903165 27.553466 46 52
482601336 53.903119 27.554645 44 44
486762575 53.904888 27.552415 16 18
486927912 53.903815 27.553185 33 33
490770155 53.907253 27.553312 15 16
536141671 53.908579 27.558277 54 32
536141672 53.908087 27.558160 41 34
536141673 53.908291 27.558345 19 26
538208752 53.905021 27.556183 27 35
543987863 53.903698 27.549735 307 231
552517231 53.900254 27.561959 80 61
555967356 53.904027 27.548843 10 12
555973874 53.904462 27.549890 4 4
574852129 53.905787 27.560929 8 8
603951502 53.900897 27.555200 49 65
603952025 53.902678 27.550718 36 27
603952026 53.902471 27.550685 29 23
610531272 53.900232 27.552310 9 10
611216464 53.903732 27.553912 57 69
613397229 53.902475 27.552622 19 21
618579953 53.901422 27.550097 6 7
625082036 53.905311 27.550110 20 19
625576415 53.899967 27.555720 8 8
625576416 53.900052 27.556021 5 5
638748801 53.900996 27.552154 30 39
675669964 53.906747 27.548501 17 13
675669965 53.906776 27.548205 20 30
689354198 53.908057 27.555574 10 14
689357939 53.907909 27.556265 9 12
689358836 53.907728 27.555717 6 8
689428457 53.904573 27.559900 5 5
692192237 53.900778 27.552423 25 21
692954843 53.900096 27.552506 10 11
693683984 53.902391 27.558267 12 11
693709682 53.903308 27.551755 19 17
695820115 53.905462 27.555784 3 5
695820117 53.905570 27.555830 3 9
754479915 53.902878 27.553754 12 12
754479924 53.904305 27.553419 15 16
759851562 53.902449 27.551964 26 27
760625869 53.901571 27.551061 13 12
760625871 53.902383 27.553228 19 17
775589273 53.904936 27.559646 29 34
775589274 53.905061 27.559696 14 14
804919779 53.905412 27.549252 24 31
804930838 53.905515 27.548663 10 19
832991815 53.903906 27.562497 77 111
841498368 53.899881 27.554400 6 7
890490905 53.908136 27.552006 6 6
960462884 53.899809 27.548768 58 65
960722746 53.903598 27.550133 17 17
960722747 53.903597 27.550134 15 15
960722748 53.903597 27.550118 16 18
960722749 53.903321 27.550212 189 155
960722750 53.903542 27.550099 209 165
1019381668 53.905206 27.555859 3 3
1019411792 53.904915 27.556215 5 10
1019494219 53.904614 27.558867 17 19
1075922148 53.901950 27.558601 7 7
1076369463 53.902034 27.558757 10 10
1094754283 53.907911 27.558020 10 6
1149985543 53.902216 27.561890 6 6
1163667061 53.907646 27.560103 175 158
1213421919 53.904364 27.558585 58 60
1217885336 53.904460 27.551419 6 6
1217885337 53.904499 27.551582 5 5
1254694059 53.907312 27.559143 58 53
1309124187 53.905526 27.560658 12 8
1348539335 53.907800 27.552875 15 16
1348583810 53.904537 27.559147 20 15
