24 
984969058 30,3229984 59,9389521 1 4179710957 30,3233536 59,9389453 20,311 
1589052140 30,3235586 59,938519 3 1589052146 30,323401 59,938538 9,029 10837830293 30,32357556397862 59,9385543135501 3,9176822118376264e-05 10837830292 30,32357556397862 59,93851696146146 1,708602382064724e-05 
1589052146 30,323401 59,938538 3 1589052140 30,3235586 59,938519 9,029 1589052148 30,3232601 59,9385549 8,07 10837830294 30,32357556397862 59,93889737155882 0,00039952534327153253 
1589052148 30,3232601 59,9385549 3 1589052150 30,3231723 59,9385655 5,031 1589052146 30,323401 59,938538 8,07 10837830295 30,323225143803235 59,93848215644343 8,070663364904458e-05 
1589052150 30,3231723 59,9385655 3 1589052148 30,3232601 59,9385549 5,031 4179710957 30,3233536 59,9389453 43,422 3588556748 30,3231493 59,9385174 5,5 
3588556748 30,3231493 59,9385174 3 1589052150 30,3231723 59,9385655 5,5 10837830298 30,322755969914756 59,93848215644343 0,00039490589288972855 10837830291 30,32313247719403 59,93848215644343 3,9052721809989266e-05 
4179710957 30,3233536 59,9389453 4 7875699167 30,3234544 59,9391564 24,135 1589052150 30,3231723 59,9385655 43,422 4179710958 30,3234497 59,9389496 5,374 984969058 30,3229984 59,9389521 20,311 
4179710958 30,3234497 59,9389496 2 1589052148 30,3232601 59,9385549 45,141 4179710957 30,3233536 59,9389453 5,374 
6202396896 30,3235439 59,9391456 2 4179710958 30,3234497 59,9389496 22,417 7875699167 30,3234544 59,9391564 5,128 
7875699167 30,3234544 59,9391564 4 4179710957 30,3233536 59,9389453 24,135 6202396896 30,3235439 59,9391456 5,128 10837830297 30,323561070917403 59,93937973187634 0,0002474991143622053 10837830299 30,322520652283007 59,93937973187634 0,0009600843327428877 
10837830290 30,32354090924466 59,93848215644343 2 1589052140 30,3235586 59,938519 4,087065555288756e-05 10837830302 30,32357556397862 59,93848215644343 3,841751494550543 
10837830291 30,32313247719403 59,93848215644343 2 3588556748 30,3231493 59,9385174 3,9052721809989266e-05 10837830295 30,323225143803235 59,93848215644343 10,272826339430592 
10837830292 30,32357556397862 59,93851696146146 2 1589052140 30,3235586 59,938519 1,708602382064724e-05 10837830293 30,32357556397862 59,9385543135501 3,5922148313443616 
10837830293 30,32357556397862 59,9385543135501 1 10837830294 30,32357556397862 59,93889737155882 32,99248079018352 
10837830294 30,32357556397862 59,93889737155882 2 1589052146 30,323401 59,938538 0,00039952534327153253 10837830296 30,32357556397862 59,93921152089136 30,212283508646024 
10837830295 30,323225143803235 59,93848215644343 1 10837830290 30,32354090924466 59,93848215644343 35,00509701372803 
10837830296 30,32357556397862 59,93921152089136 2 6202396896 30,3235439 59,9391456 7,313119347762226e-05 10837830301 30,32357556397862 59,93937973187634 16,17714074491712 
10837830297 30,323561070917403 59,93937973187634 2 7875699167 30,3234544 59,9391564 0,0002474991143622053 10837830299 30,322520652283007 59,93937973187634 115,33862971426477 
10837830298 30,322755969914756 59,93848215644343 2 3588556748 30,3231493 59,9385174 0,00039490589288972855 10837830291 30,32313247719403 59,93848215644343 41,73880742980836 
10837830299 30,322520652283007 59,93937973187634 2 7875699167 30,3234544 59,9391564 0,0009600843327428877 10837830300 30,32178674511756 59,93937973187634 81,35939948598617 
10837830300 30,32178674511756 59,93937973187634 1 10837830303 30,32178674511756 59,93848215644343 86,32294694255145 
10837830301 30,32357556397862 59,93937973187634 1 10837830297 30,323561070917403 59,93937973187634 1,6066705266557235 
10837830302 30,32357556397862 59,93848215644343 1 10837830292 30,32357556397862 59,93851696146146 3,3472586549468692 
10837830303 30,32178674511756 59,93848215644343 1 10837830298 30,322755969914756 59,93848215644343 107,44621744891393 
