32 
984969058 30,3229984 59,9389521 1 4179710955 30,3230839 59,9389328 5,223569591156596 
1589052140 30,3235586 59,938519 3 9297660568 30,3234898 59,9385273 3,9417851659843364 10837830293 30,32357556397862 59,9385543135501 4,047009232721677 10837830292 30,32357556397862 59,93851696146146 0,9751623398017983 
1589052146 30,323401 59,938538 3 9297660568 30,3234898 59,9385273 5,087318752697512 9297660569 30,32332 59,9385477 4,638899031652748 10837830294 30,32357556397862 59,93889737155882 41,21014321436287 
1589052148 30,3232601 59,9385549 3 9297660569 30,32332 59,9385477 3,431187498020282 1589052150 30,3231723 59,9385655 5,030558661346462 10837830295 30,323225143803235 59,93848215644343 8,33672027793138 
1589052150 30,3231723 59,9385655 3 1589052148 30,3232601 59,9385549 5,030558661346462 4179710957 30,3233536 59,9389453 43,42248590545534 3588556748 30,3231493 59,9385174 5,499776416350127 
3588556748 30,3231493 59,9385174 3 1589052150 30,3231723 59,9385655 5,499776416350127 10837830298 30,322755969914756 59,93848215644343 22,336374251081345 10837830291 30,32313247719403 59,93848215644343 4,037583383309598 
4179710955 30,3230839 59,9389328 2 4179710956 30,3233361 59,9389445 14,107689581972828 984969058 30,3229984 59,9389521 5,223569591156596 
4179710956 30,3233361 59,9389445 2 4179710957 30,3233536 59,9389453 0,978802869241099 4179710955 30,3230839 59,9389328 14,107689581972828 
4179710957 30,3233536 59,9389453 4 7875699167 30,3234544 59,9391564 24,13541384766668 1589052150 30,3231723 59,9385655 43,42248590545534 4179710958 30,3234497 59,9389496 5,3740942544772246 4179710956 30,3233361 59,9389445 0,978802869241099 
4179710958 30,3234497 59,9389496 2 1589052148 30,3232601 59,9385549 45,14142838638333 4179710957 30,3233536 59,9389453 5,3740942544772246 
6202396894 30,3234335 59,9391589 2 6202396895 30,3231082 59,9391957 18,57543948301422 7875699167 30,3234544 59,9391564 1,1968561255566557 
6202396895 30,3231082 59,9391957 2 6202396894 30,3234335 59,9391589 18,57543948301422 6515094551 30,3227928 59,9392217 17,80397940586023 
6202396896 30,3235439 59,9391456 2 4179710958 30,3234497 59,9389496 22,41693722297369 7875699167 30,3234544 59,9391564 5,127738466159552 
6515094549 30,3227948 59,9392889 2 6515094551 30,3227928 59,9392217 7,47313996557387 10837830299 30,322797496196856 59,93937973187634 10,120815786242309 
6515094551 30,3227928 59,9392217 2 6202396895 30,3231082 59,9391957 17,80397940586023 6515094549 30,3227948 59,9392889 7,47313996557387 
7875699167 30,3234544 59,9391564 4 4179710957 30,3233536 59,9389453 24,13541384766668 6202396894 30,3234335 59,9391589 1,1968561255566557 6202396896 30,3235439 59,9391456 5,127738466159552 10837830297 30,323561070917403 59,93937973187634 25,586271827215285 
9297660568 30,3234898 59,9385273 2 1589052140 30,3235586 59,938519 3,9417851659843364 1589052146 30,323401 59,938538 5,087318752697512 
9297660569 30,32332 59,9385477 2 1589052148 30,3232601 59,9385549 3,431187498020282 1589052146 30,323401 59,938538 4,638899031652748 
10837830290 30,32354090924466 59,93848215644343 2 1589052140 30,3235586 59,938519 4,222243984678665 10837830302 30,32357556397862 59,93848215644343 3,8417514945505427 
10837830291 30,32313247719403 59,93848215644343 2 3588556748 30,3231493 59,9385174 4,037583383309598 10837830295 30,323225143803235 59,93848215644343 10,272826339430592 
10837830292 30,32357556397862 59,93851696146146 2 1589052140 30,3235586 59,938519 0,9751623398017983 10837830293 30,32357556397862 59,9385543135501 3,5922148313443607 
10837830293 30,32357556397862 59,9385543135501 1 10837830294 30,32357556397862 59,93889737155882 32,99248079018352 
10837830294 30,32357556397862 59,93889737155882 2 1589052146 30,323401 59,938538 41,21014321436287 10837830296 30,32357556397862 59,93921152089136 30,212283508646024 
10837830295 30,323225143803235 59,93848215644343 1 10837830290 30,32354090924466 59,93848215644343 35,00509701372803 
10837830296 30,32357556397862 59,93921152089136 2 6202396896 30,3235439 59,9391456 7,554627485776949 10837830301 30,32357556397862 59,93937973187634 16,17714074491712 
10837830297 30,323561070917403 59,93937973187634 2 7875699167 30,3234544 59,9391564 25,586271827215285 10837830299 30,322797496196856 59,93937973187634 84,6482953182287 
10837830298 30,322755969914756 59,93848215644343 2 3588556748 30,3231493 59,9385174 22,336374251081345 10837830291 30,32313247719403 59,93848215644343 41,73880742980836 
10837830299 30,322797496196856 59,93937973187634 2 6515094549 30,3227948 59,9392889 10,120815786242309 10837830300 30,32178674511756 59,93937973187634 112,0497338821302 
10837830300 30,32178674511756 59,93937973187634 1 10837830303 30,32178674511756 59,93848215644343 86,32294694255145 
10837830301 30,32357556397862 59,93937973187634 1 10837830297 30,323561070917403 59,93937973187634 1,6066705266557235 
10837830302 30,32357556397862 59,93848215644343 1 10837830292 30,32357556397862 59,93851696146146 3,3472586549468692 
10837830303 30,32178674511756 59,93848215644343 1 10837830298 30,322755969914756 59,93848215644343 107,44621744891393 
