37
3595284124 30,336654 59,944987 27
5648144399 30,336904 59,945477 39
3128483006 30,337551 59,942303 35
1711792478 30,336786 59,945747 18
3595284120 30,336362 59,944936 10
1711792391 30,337528 59,942364 31
3595282988 30,336209 59,944727 21
5648144353 30,337128 59,945462 22
2078615531 30,336783 59,945032 28
1711792395 30,337796 59,942331 10
1711792457 30,336826 59,945150 14
1711792487 30,336719 59,945864 38
1711792442 30,337013 59,944172 11
1711792470 30,336297 59,945529 24
9997912243 30,336032 59,946003 28
3128483003 30,337826 59,942203 22
1711792476 30,336738 59,945835 32
1711792496 30,336637 59,945993 24
9939975249 30,337552 59,943967 37
2078615495 30,336476 59,944740 13
2078615524 30,336438 59,944807 16
1711792411 30,337113 59,943802 26
1711792405 30,337278 59,943255 31
1711792373 30,337640 59,942115 31
3595284117 30,336082 59,944885 19
3128483647 30,336692 59,945907 12
9939980961 30,337580 59,943801 11
3595282985 30,336556 59,944603 24
1711792480 30,337137 59,945801 26
3128483007 30,337529 59,943799 36
1711792430 30,336654 59,944122 27
2078615514 30,336522 59,944785 28
3595284108 30,336712 59,944818 36
9997912244 30,336009 59,946006 26
2078615516 30,336392 59,944760 24
9947959695 30,337038 59,946059 34
1711792406 30,337653 59,943301 26
