262
4253342 56.005833 92.867184 9 32
18311588 56.012698 92.875363 58 73
40724558 56.012763 92.861853 19 75
40724559 56.012867 92.862865 15 54
40724560 56.012626 92.860748 21 46
40724566 56.012383 92.860751 12 62
40724568 56.011956 92.860596 28 61
40724569 56.012502 92.863191 22 18
40724570 56.012072 92.863276 43 18
40724571 56.011800 92.862743 20 82
40724576 56.011753 92.861712 20 50
40724578 56.012092 92.861422 53 26
40724579 56.012258 92.861765 10 14
40724580 56.012066 92.862023 31 11
40724581 56.012123 92.862149 43 11
40724583 56.012439 92.861828 13 43
40724584 56.012148 92.862494 18 24
40724587 56.012370 92.862512 33 36
40724589 56.012434 92.862570 11 9
40724590 56.012744 92.863252 7 7
40724602 56.011691 92.860467 26 109
40726658 56.011312 92.860518 15 16
40726665 56.011084 92.860545 21 12
40726666 56.010917 92.860358 18 30
40726670 56.010329 92.860389 36 41
40726671 56.010888 92.860786 24 27
40726673 56.010680 92.861214 31 46
40726674 56.011162 92.861377 38 72
40726675 56.011366 92.862235 25 31
40726677 56.011395 92.863028 25 66
40726678 56.011201 92.863249 21 13
40726679 56.011121 92.862896 22 11
40726680 56.010990 92.862783 26 8
40726682 56.010756 92.862122 20 32
40726685 56.010505 92.862118 23 32
40726686 56.010254 92.863119 17 69
40726688 56.010744 92.862752 30 15
40726690 56.010521 92.862750 20 12
40726691 56.010486 92.862981 9 16
40726692 56.010500 92.863219 11 15
40726693 56.010679 92.863424 49 16
40726694 56.011181 92.863444 27 14
40726695 56.010927 92.863141 24 20
40726699 56.010963 92.863434 20 19
40726700 56.010908 92.862380 12 25
40726702 56.010768 92.862520 26 19
40730017 56.010920 92.862916 23 11
40856391 56.012257 92.861977 12 13
59516125 56.012917 92.864240 19 66
60219529 56.012715 92.873866 66 111
60219819 56.008068 92.875052 10 54
60219820 56.007936 92.875039 9 45
60220511 56.008107 92.870171 16 24
60220513 56.007830 92.872942 23 56
60220529 56.010120 92.870489 42 65
60430970 56.011294 92.871734 15 13
60430971 56.011462 92.871697 9 11
60430972 56.009287 92.875364 18 40
60430973 56.008792 92.875178 28 73
60430974 56.010149 92.874940 23 72
60430975 56.010884 92.874649 16 35
61718064 56.009867 92.865551 19 97
61718074 56.011825 92.872836 51 30
61718075 56.009956 92.869394 20 51
61718076 56.012288 92.871730 20 37
61718078 56.012817 92.872570 26 33
61718080 56.011901 92.872159 26 15
61718082 56.011659 92.871845 33 35
61718084 56.011909 92.871799 23 32
61718087 56.010364 92.876006 12 10
61718097 56.011932 92.875116 67 25
61718099 56.011993 92.874139 26 23
61718101 56.011932 92.874565 52 28
61718103 56.011313 92.874115 35 14
61718107 56.011822 92.873591 72 46
61718114 56.011920 92.875942 30 28
61718115 56.011324 92.876178 12 14
61718388 56.012956 92.871742 15 10
61718391 56.013029 92.871478 25 17
61718399 56.013058 92.873717 22 50
62163393 56.010961 92.869180 46 11
62163394 56.010594 92.868762 21 42
62163395 56.011747 92.871025 41 24
62163398 56.012939 92.867996 42 47
62163399 56.010805 92.867572 78 75
62163400 56.011416 92.869545 24 29
62163403 56.012319 92.868922 63 189
62163404 56.011209 92.868414 15 36
62163405 56.011349 92.867350 14 27
62163409 56.011730 92.868446 23 46
62163411 56.011073 92.867773 21 31
62163412 56.011371 92.871062 17 10
62163413 56.011416 92.870571 13 21
62163415 56.011733 92.869922 33 39
62163416 56.012460 92.867204 71 25
66006805 56.013109 92.870670 65 34
66006807 56.010596 92.866699 47 19
66006809 56.010619 92.865543 51 59
66006810 56.011054 92.866671 39 15
66006812 56.012563 92.868924 33 23
66006813 56.010383 92.864391 32 45
66006814 56.012583 92.870625 42 45
66006820 56.013086 92.866967 32 23
66007516 56.012866 92.868884 34 20
66007517 56.011554 92.866356 31 46
66007521 56.010746 92.864252 36 38
66007523 56.012971 92.869753 60 54
66007525 56.013045 92.868868 22 32
66007532 56.011294 92.865613 70 44
66007533 56.011362 92.865137 33 11
66007534 56.012735 92.865497 14 25
66007535 56.011516 92.864841 17 21
66007968 56.012483 92.866233 23 30
66007969 56.012129 92.864711 55 30
66007971 56.012306 92.865362 48 73
66007974 56.011916 92.864273 34 62
66007977 56.012112 92.866386 53 34
66007979 56.011957 92.865488 26 73
66646038 56.012772 92.871508 15 16
71225714 56.009595 92.860738 16 92
71225716 56.008371 92.866310 33 12
71225719 56.008544 92.866847 69 33
71225725 56.008601 92.864661 40 42
71225728 56.009038 92.860828 20 43
71225730 56.007877 92.865841 46 57
71225734 56.008230 92.864562 26 15
71225739 56.009644 92.861894 18 20
71225740 56.009052 92.863764 35 18
71225741 56.009058 92.865214 15 44
71225743 56.007642 92.867144 64 22
71225747 56.008346 92.865636 37 47
71225749 56.009046 92.860342 32 31
71225750 56.009238 92.864453 70 18
71225752 56.008618 92.866192 21 10
71225759 56.009419 92.863570 22 35
71225762 56.008148 92.863272 60 79
71225763 56.009524 92.862284 21 28
71225765 56.009197 92.862646 38 61
71225772 56.009227 92.865877 46 72
71225773 56.008544 92.862593 17 13
71225774 56.008330 92.862577 17 12
71225779 56.009788 92.864523 19 19
71225780 56.008655 92.865834 31 18
71225783 56.007191 92.866166 15 90
71225784 56.008975 92.861915 35 14
99852660 56.009950 92.867672 38 39
126496784 56.011075 92.864131 18 19
140795207 56.009371 92.869914 44 137
140795208 56.009903 92.866725 28 22
140795209 56.009742 92.863208 18 73
140795210 56.009333 92.873321 152 93
140795216 56.010194 92.873499 34 66
140795217 56.007996 92.866932 23 33
140795220 56.007219 92.867135 26 27
140795221 56.009353 92.866785 72 20
169404764 56.011604 92.867303 42 33
169404778 56.011545 92.869066 46 42
169404781 56.011538 92.867870 64 31
170839103 56.010779 92.860440 18 23
170841596 56.008148 92.870456 16 10
170841597 56.007770 92.861148 35 25
171002292 56.012503 92.871555 27 15
171002293 56.012429 92.864209 18 56
171002305 56.012182 92.863930 24 18
171002306 56.011680 92.875977 11 30
172600583 56.007409 92.872780 53 38
172600584 56.007478 92.874623 25 110
172600588 56.008397 92.876106 51 67
172602508 56.008655 92.868384 69 87
172658923 56.007144 92.861984 15 240
172658924 56.008270 92.860860 55 16
172658925 56.007148 92.864835 12 55
172658926 56.007986 92.862042 132 24
172658927 56.007662 92.864694 72 20
172658928 56.005797 92.868266 14 81
179776437 56.010590 92.875856 18 26
179776439 56.010862 92.873313 25 130
243885849 56.011094 92.875102 6 7
260052733 56.011323 92.866596 22 17
274482871 56.011818 92.875336 37 14
312736754 56.007794 92.868249 97 43
320909537 56.012510 92.874994 30 14
320909538 56.012437 92.874806 17 14
320909539 56.012364 92.873191 22 18
320909540 56.012378 92.872979 25 12
320909541 56.012354 92.872633 29 30
320909542 56.012340 92.872320 23 16
320909556 56.013057 92.874975 21 80
320909559 56.013067 92.874176 13 9
320909560 56.013021 92.873263 16 10
320909563 56.013039 92.872559 8 9
320912605 56.011539 92.876149 22 13
320912606 56.012091 92.875437 15 29
320912607 56.011594 92.875528 32 31
320912608 56.011566 92.874653 28 30
320912609 56.011632 92.874278 14 13
320912610 56.011360 92.872914 49 65
320912611 56.010968 92.875712 33 44
320912612 56.011204 92.875873 16 20
320912633 56.011477 92.872209 39 12
320912634 56.011375 92.875035 47 85
320912636 56.011205 92.872964 8 8
320912637 56.011096 92.873477 8 6
320912638 56.011309 92.872988 9 11
320912639 56.011644 92.873352 6 9
320912640 56.011509 92.873479 15 26
320912641 56.011100 92.874890 6 7
320912642 56.011334 92.873504 15 25
320912643 56.011702 92.873205 8 4
320912644 56.011265 92.872293 9 16
321236196 56.008371 92.874055 19 38
321236197 56.010568 92.876255 29 24
321236198 56.006732 92.873221 24 57
321236261 56.009179 92.874807 32 44
321236262 56.008336 92.874556 32 81
321236264 56.010103 92.875907 31 28
321236265 56.009616 92.874684 12 8
321236266 56.009118 92.876011 47 12
321236268 56.009062 92.874188 7 5
321236269 56.007864 92.875638 12 12
321236273 56.008795 92.876178 7 8
321236274 56.008366 92.875359 31 9
321236275 56.009144 92.873727 30 16
321236276 56.008730 92.875586 17 21
321236277 56.007790 92.875903 14 31
321236279 56.010105 92.873258 20 26
333737362 56.009756 92.868424 87 48
351222192 56.010844 92.866674 11 15
396821008 56.009581 92.869518 20 58
656377837 56.009421 92.867817 31 23
689539359 56.010271 92.861292 24 32
689539364 56.010572 92.866288 29 8
689539365 56.011279 92.864799 9 25
701226723 56.010410 92.866302 8 7
746898276 56.012570 92.863842 11 12
746928848 56.012285 92.860758 16 39
748610824 56.008394 92.864972 25 26
771188114 56.010538 92.862583 23 12
951207879 56.007763 92.860681 41 21
1074766502 56.007988 92.868802 28 46
1157875993 56.010856 92.868927 44 20
1168132562 56.011098 92.865029 32 34
1172716746 56.007496 92.866474 25 27
1172716747 56.011696 92.874880 12 8
1172716749 56.009539 92.875568 10 12
1172716750 56.009013 92.873910 7 6
1175250557 56.010981 92.866287 9 15
1272676584 56.010974 92.870500 33 78
1275041450 56.010385 92.860969 38 11
1286909718 56.009833 92.863172 15 70
1307541951 56.008522 92.870489 8 12
1313667291 56.007030 92.871710 3 4
1328843798 56.007510 92.865815 12 52
1328843799 56.007778 92.865226 51 10
1342931610 56.009021 92.871350 3 2
1342931611 56.009042 92.871348 2 2
1346194238 56.012612 92.864806 22 24
1355234500 56.009244 92.866953 46 9
1355391553 56.009588 92.865664 8 8
1374324121 56.009673 92.866928 4 3
1374324122 56.009713 92.866911 5 4
1374358534 56.006167 92.868156 4 3
