986
934242 56.015765 92.884252 87 70
938812 56.011664 92.852407 64 92
4253342 56.005833 92.867184 9 32
6497014 56.012251 92.852885 34 19
6497015 56.012027 92.852891 17 7
6497017 56.012105 92.852333 23 58
18311588 56.012698 92.875363 58 73
18655772 56.012523 92.882781 16 41
37584281 56.007133 92.857837 13 59
40724558 56.012763 92.861853 19 75
40724559 56.012867 92.862865 15 54
40724560 56.012626 92.860748 21 46
40724561 56.012568 92.860082 34 32
40724563 56.012516 92.859729 30 24
40724564 56.012292 92.860127 27 34
40724566 56.012383 92.860751 12 62
40724568 56.011956 92.860596 28 61
40724569 56.012502 92.863191 22 18
40724570 56.012072 92.863276 43 18
40724571 56.011800 92.862743 20 82
40724576 56.011753 92.861712 20 50
40724578 56.012092 92.861422 53 26
40724579 56.012258 92.861765 10 14
40724580 56.012066 92.862023 31 11
40724581 56.012123 92.862149 43 11
40724583 56.012439 92.861828 13 43
40724584 56.012148 92.862494 18 24
40724587 56.012370 92.862512 33 36
40724589 56.012434 92.862570 11 9
40724590 56.012744 92.863252 7 7
40724591 56.012663 92.858839 24 16
40724594 56.012387 92.858873 39 17
40724595 56.011996 92.858941 50 15
40724597 56.011642 92.859165 25 46
40724602 56.011691 92.860467 26 109
40726656 56.011227 92.859108 20 20
40726657 56.011270 92.859842 17 72
40726658 56.011312 92.860518 15 16
40726659 56.010880 92.859080 57 13
40726661 56.010358 92.859329 49 48
40726662 56.010543 92.859594 29 15
40726663 56.010764 92.859834 23 13
40726664 56.011007 92.859772 16 22
40726665 56.011084 92.860545 21 12
40726666 56.010917 92.860358 18 30
40726670 56.010329 92.860389 36 41
40726671 56.010888 92.860786 24 27
40726673 56.010680 92.861214 31 46
40726674 56.011162 92.861377 38 72
40726675 56.011366 92.862235 25 31
40726677 56.011395 92.863028 25 66
40726678 56.011201 92.863249 21 13
40726679 56.011121 92.862896 22 11
40726680 56.010990 92.862783 26 8
40726682 56.010756 92.862122 20 32
40726685 56.010505 92.862118 23 32
40726686 56.010254 92.863119 17 69
40726688 56.010744 92.862752 30 15
40726690 56.010521 92.862750 20 12
40726691 56.010486 92.862981 9 16
40726692 56.010500 92.863219 11 15
40726693 56.010679 92.863424 49 16
40726694 56.011181 92.863444 27 14
40726695 56.010927 92.863141 24 20
40726699 56.010963 92.863434 20 19
40726700 56.010908 92.862380 12 25
40726702 56.010768 92.862520 26 19
40730017 56.010920 92.862916 23 11
40856391 56.012257 92.861977 12 13
43300770 56.009239 92.859322 36 14
43300771 56.010167 92.855201 38 48
48732521 56.009531 92.858364 17 54
59516125 56.012917 92.864240 19 66
60040272 56.015656 92.881488 58 29
60040310 56.014530 92.883786 26 155
60040359 56.015285 92.882813 12 12
60040372 56.014468 92.881667 40 79
60040463 56.016142 92.882572 37 42
60040513 56.015468 92.882377 34 20
60040544 56.014998 92.883850 39 158
60040581 56.015025 92.881883 26 53
60040608 56.016746 92.881362 115 21
60040631 56.014756 92.881943 9 27
60040655 56.015101 92.884120 32 131
60040682 56.014946 92.881055 59 16
60216859 56.013090 92.883868 33 41
60216860 56.014930 92.880439 69 18
60216863 56.013801 92.880179 29 80
60216865 56.012914 92.883137 18 57
60216867 56.012948 92.882140 25 71
60216871 56.013522 92.881287 105 20
60216874 56.014075 92.881865 19 70
60216876 56.013603 92.882747 73 18
60216878 56.013469 92.876460 62 23
60216879 56.013413 92.880681 36 16
60216880 56.013733 92.877189 15 54
60216882 56.014390 92.880305 21 49
60216883 56.013516 92.879046 16 48
60217738 56.011921 92.882383 56 18
60219028 56.015865 92.871867 111 87
60219029 56.015858 92.875229 86 25
60219030 56.014812 92.874092 77 20
60219031 56.014882 92.875525 55 17
60219526 56.012612 92.877703 22 30
60219527 56.013168 92.875791 55 17
60219529 56.012715 92.873866 66 111
60219538 56.014787 92.878804 74 21
60219817 56.010154 92.880917 73 17
60219819 56.008068 92.875052 10 54
60219820 56.007936 92.875039 9 45
60219826 56.007804 92.881838 48 84
60219827 56.009452 92.879318 14 36
60219828 56.009831 92.876397 82 36
60220511 56.008107 92.870171 16 24
60220513 56.007830 92.872942 23 56
60220524 56.008134 92.883143 33 69
60220529 56.010120 92.870489 42 65
60220531 56.008366 92.884186 26 49
60220536 56.008035 92.876754 59 19
60220736 56.012826 92.877861 16 22
60220737 56.007045 92.880575 23 79
60220738 56.012310 92.880336 32 21
60254239 56.011253 92.882301 15 36
60254241 56.011797 92.881587 43 33
60254249 56.011847 92.883018 13 23
60254254 56.014083 92.883466 25 32
60254256 56.011339 92.884225 14 14
60254262 56.013462 92.880088 17 38
60254270 56.011314 92.881725 35 30
60254273 56.012438 92.881940 24 17
60254276 56.011544 92.882072 31 18
60254282 56.011351 92.883853 20 16
60333868 56.012987 92.856915 25 83
60333871 56.014961 92.853158 26 31
60333874 56.015103 92.857367 11 68
60333877 56.014685 92.857826 52 15
60333880 56.014145 92.855989 69 117
60333883 56.014112 92.857396 29 45
60333887 56.013834 92.853254 25 33
60333895 56.013377 92.856697 25 58
60333905 56.014345 92.854817 81 42
60333907 56.013925 92.859723 48 24
60333909 56.013359 92.853776 44 34
60333915 56.013482 92.857829 58 23
60333920 56.013491 92.854463 12 42
60333923 56.013825 92.852491 43 41
60333924 56.014072 92.858820 26 48
60333926 56.014705 92.856606 17 31
60333928 56.014164 92.857865 33 18
60333939 56.013600 92.856796 19 75
60333941 56.012993 92.857980 21 39
60334095 56.009274 92.856202 57 36
60430968 56.011081 92.878603 14 33
60430969 56.011469 92.878602 12 23
60430970 56.011294 92.871734 15 13
60430971 56.011462 92.871697 9 11
60430972 56.009287 92.875364 18 40
60430973 56.008792 92.875178 28 73
60430974 56.010149 92.874940 23 72
60430975 56.010884 92.874649 16 35
60430976 56.008885 92.884133 29 30
60430977 56.008769 92.884147 33 54
60430979 56.010923 92.883739 24 19
60430980 56.010644 92.884031 31 29
60430981 56.011159 92.879835 22 40
60430982 56.011082 92.879126 15 34
60430983 56.009885 92.880264 20 28
60430984 56.010053 92.879452 60 30
60430985 56.011649 92.880957 35 15
60430986 56.011439 92.880985 12 14
60430987 56.011162 92.880403 17 17
60430988 56.011218 92.881006 23 18
60430990 56.013070 92.880592 34 33
60431153 56.010653 92.878231 37 53
60431155 56.011767 92.878528 31 31
60431156 56.011207 92.876892 26 22
60431157 56.011740 92.877460 35 17
60431158 56.011868 92.878004 21 30
60431161 56.011802 92.876957 51 34
60431166 56.011406 92.877021 22 35
60431167 56.013105 92.878331 24 116
60431168 56.012563 92.877092 20 30
60431170 56.012303 92.879901 29 24
60431172 56.012017 92.880316 16 19
60431174 56.012069 92.880701 42 32
60431177 56.013107 92.880124 23 27
60431178 56.013263 92.879788 9 15
60431179 56.012770 92.879866 40 58
61718064 56.009867 92.865551 19 97
61718066 56.013581 92.864919 39 161
61718070 56.013272 92.872921 56 18
61718074 56.011825 92.872836 51 30
61718075 56.009956 92.869394 20 51
61718076 56.012288 92.871730 20 37
61718078 56.012817 92.872570 26 33
61718079 56.013238 92.872208 56 18
61718080 56.011901 92.872159 26 15
61718082 56.011659 92.871845 33 35
61718084 56.011909 92.871799 23 32
61718087 56.010364 92.876006 12 10
61718094 56.013609 92.875211 20 75
61718097 56.011932 92.875116 67 25
61718099 56.011993 92.874139 26 23
61718101 56.011932 92.874565 52 28
61718103 56.011313 92.874115 35 14
61718107 56.011822 92.873591 72 46
61718114 56.011920 92.875942 30 28
61718115 56.011324 92.876178 12 14
61718117 56.013574 92.878088 72 47
61718388 56.012956 92.871742 15 10
61718389 56.013376 92.871442 20 16
61718391 56.013029 92.871478 25 17
61718394 56.013397 92.873787 46 45
61718399 56.013058 92.873717 22 50
61718402 56.016684 92.877204 44 12
61718404 56.015967 92.876964 64 86
61718405 56.015748 92.872954 36 62
61718407 56.015617 92.874648 33 21
61718408 56.015679 92.873864 21 39
61718409 56.017061 92.878011 17 38
61718410 56.016724 92.875896 19 21
61718411 56.016080 92.879586 16 40
61718412 56.015753 92.880310 61 19
61718413 56.017061 92.878783 86 34
62163393 56.010961 92.869180 46 11
62163394 56.010594 92.868762 21 42
62163395 56.011747 92.871025 41 24
62163398 56.012939 92.867996 42 47
62163399 56.010805 92.867572 78 75
62163400 56.011416 92.869545 24 29
62163403 56.012319 92.868922 63 189
62163404 56.011209 92.868414 15 36
62163405 56.011349 92.867350 14 27
62163409 56.011730 92.868446 23 46
62163411 56.011073 92.867773 21 31
62163412 56.011371 92.871062 17 10
62163413 56.011416 92.870571 13 21
62163415 56.011733 92.869922 33 39
62163416 56.012460 92.867204 71 25
66006805 56.013109 92.870670 65 34
66006807 56.010596 92.866699 47 19
66006809 56.010619 92.865543 51 59
66006810 56.011054 92.866671 39 15
66006812 56.012563 92.868924 33 23
66006813 56.010383 92.864391 32 45
66006814 56.012583 92.870625 42 45
66006820 56.013086 92.866967 32 23
66007516 56.012866 92.868884 34 20
66007517 56.011554 92.866356 31 46
66007521 56.010746 92.864252 36 38
66007523 56.012971 92.869753 60 54
66007525 56.013045 92.868868 22 32
66007529 56.013261 92.869677 17 36
66007532 56.011294 92.865613 70 44
66007533 56.011362 92.865137 33 11
66007534 56.012735 92.865497 14 25
66007535 56.011516 92.864841 17 21
66007968 56.012483 92.866233 23 30
66007969 56.012129 92.864711 55 30
66007971 56.012306 92.865362 48 73
66007974 56.011916 92.864273 34 62
66007977 56.012112 92.866386 53 34
66007979 56.011957 92.865488 26 73
66239284 56.013482 92.867134 18 19
66239285 56.014703 92.868376 27 85
66239289 56.014113 92.869049 18 28
66239290 56.013456 92.866852 13 17
66239298 56.013528 92.867588 21 23
66239301 56.013604 92.867058 19 14
66239304 56.013609 92.868186 27 33
66239309 56.013780 92.870348 14 21
66239317 56.015415 92.872742 24 28
66239319 56.016187 92.868900 16 28
66239320 56.014306 92.870132 14 21
66239325 56.015130 92.874701 21 21
66239330 56.014795 92.869619 19 37
66239336 56.014391 92.870641 13 12
66239338 56.014606 92.874925 15 35
66239339 56.014319 92.869306 19 13
66239342 56.014266 92.875622 52 17
66239344 56.015682 92.866734 17 54
66239346 56.017113 92.872789 64 74
66239353 56.013624 92.869359 16 14
66239356 56.014088 92.868074 86 28
66239357 56.015478 92.869648 78 24
66239360 56.015025 92.873508 23 27
66239362 56.015046 92.867685 21 35
66239363 56.013628 92.869043 21 12
66239366 56.015622 92.867592 17 53
66239367 56.015149 92.875025 21 22
66239369 56.014095 92.867602 46 23
66239371 56.015705 92.868805 32 42
66239375 56.013649 92.869712 17 17
66239379 56.014109 92.867839 6 12
66239381 56.015187 92.875383 18 26
66239384 56.015322 92.867179 24 46
66239386 56.014961 92.874731 21 21
66239388 56.015131 92.866680 69 56
66239391 56.015694 92.868264 48 26
66239394 56.014532 92.867967 15 8
66239396 56.015277 92.868750 36 52
66240101 56.017109 92.874194 52 71
66240102 56.016766 92.875064 31 26
66240103 56.016661 92.873530 26 26
66240108 56.016544 92.872873 16 21
66240109 56.014780 92.871669 24 38
66240110 56.017466 92.873841 45 32
66311800 56.014377 92.873669 16 25
66311804 56.013911 92.872406 36 32
66311806 56.013992 92.873728 43 40
66311807 56.013922 92.872981 30 29
66311809 56.014636 92.872542 40 34
66646008 56.014155 92.876365 37 31
66646011 56.016792 92.876595 32 42
66646012 56.017359 92.876985 10 34
66646022 56.015223 92.876104 20 15
66646029 56.014160 92.876927 31 31
66646038 56.012772 92.871508 15 16
66646041 56.014962 92.876251 33 31
66646043 56.012822 92.876655 21 36
66646046 56.014604 92.873702 42 25
71225711 56.007949 92.860056 22 62
71225714 56.009595 92.860738 16 92
71225716 56.008371 92.866310 33 12
71225719 56.008544 92.866847 69 33
71225723 56.007417 92.859666 55 17
71225725 56.008601 92.864661 40 42
71225728 56.009038 92.860828 20 43
71225730 56.007877 92.865841 46 57
71225734 56.008230 92.864562 26 15
71225735 56.007691 92.860279 34 27
71225739 56.009644 92.861894 18 20
71225740 56.009052 92.863764 35 18
71225741 56.009058 92.865214 15 44
71225742 56.008851 92.859397 36 15
71225743 56.007642 92.867144 64 22
71225747 56.008346 92.865636 37 47
71225749 56.009046 92.860342 32 31
71225750 56.009238 92.864453 70 18
71225752 56.008618 92.866192 21 10
71225754 56.009163 92.858736 55 18
71225755 56.009563 92.859574 18 19
71225759 56.009419 92.863570 22 35
71225762 56.008148 92.863272 60 79
71225763 56.009524 92.862284 21 28
71225765 56.009197 92.862646 38 61
71225772 56.009227 92.865877 46 72
71225773 56.008544 92.862593 17 13
71225774 56.008330 92.862577 17 12
71225779 56.009788 92.864523 19 19
71225780 56.008655 92.865834 31 18
71225783 56.007191 92.866166 15 90
71225784 56.008975 92.861915 35 14
71225969 56.008312 92.859763 29 31
71888294 56.014400 92.860516 19 30
71888295 56.015176 92.863395 32 18
71888296 56.016986 92.864555 18 14
71888297 56.016731 92.864909 10 20
71888300 56.015891 92.861619 56 27
71888301 56.014923 92.865020 12 11
71888303 56.014681 92.862841 23 14
71888306 56.013486 92.860187 23 73
71888307 56.013796 92.863020 26 17
71888309 56.015852 92.862272 29 63
71888310 56.015920 92.860736 56 27
71888313 56.014894 92.864855 26 15
71888314 56.015019 92.865377 40 41
71888315 56.016114 92.864159 47 131
71888316 56.013575 92.861065 11 25
71888317 56.013808 92.860446 19 55
71888319 56.014852 92.860466 42 26
71888320 56.016060 92.860084 25 22
71888321 56.016900 92.863910 19 50
71888322 56.013496 92.861981 23 9
71888326 56.013361 92.862871 33 46
71888327 56.016947 92.864868 12 8
71888328 56.013604 92.863051 19 16
71888329 56.014925 92.864036 67 80
71888330 56.014625 92.862007 16 25
71888332 56.016105 92.865679 36 17
71888333 56.014934 92.860054 104 144
71888334 56.013648 92.858629 63 16
71888335 56.013163 92.860891 19 67
71888337 56.015908 92.861160 15 54
71888338 56.013138 92.858804 42 36
71888339 56.013147 92.859748 22 76
71888340 56.016874 92.863281 11 7
72013271 56.010189 92.857110 62 55
72013272 56.012211 92.855848 42 18
72013273 56.012426 92.857725 58 61
72013275 56.011138 92.858235 21 32
72013276 56.012007 92.856629 32 14
72013277 56.011507 92.855497 23 76
72013278 56.010643 92.857248 27 28
72013279 56.010322 92.858074 37 48
72013282 56.010532 92.857904 17 28
72013284 56.010737 92.855380 14 9
72013285 56.010041 92.858070 39 81
72013286 56.012432 92.855284 21 80
72013287 56.010853 92.858131 51 57
72013288 56.010148 92.857530 20 28
72013289 56.011803 92.855917 43 18
72013290 56.011958 92.854879 9 9
72013292 56.010303 92.856137 75 36
72013295 56.010917 92.856953 78 53
72013296 56.012430 92.856706 51 39
72013299 56.011619 92.856811 45 45
72013300 56.011541 92.854124 65 57
72013301 56.010760 92.855767 19 12
72013302 56.010941 92.856001 47 37
72013306 56.011704 92.854943 17 19
72013308 56.010507 92.858474 52 19
72013309 56.010782 92.854998 85 41
72013310 56.012255 92.854032 65 53
72013311 56.012166 92.854947 10 27
72013312 56.011882 92.857311 32 12
72015144 56.009437 92.857270 38 50
72015148 56.006684 92.857244 40 19
72015149 56.008718 92.858464 17 55
72015151 56.006442 92.856904 14 33
72015153 56.008749 92.857923 23 13
72015155 56.009136 92.858205 10 22
72015158 56.006643 92.857795 62 44
72015160 56.008770 92.857281 47 42
72015162 56.006787 92.858078 21 7
72015167 56.008898 92.857752 13 26
72015169 56.008209 92.858276 67 110
72015172 56.006759 92.856061 15 42
72015176 56.007783 92.857733 31 60
72015179 56.009134 92.857684 36 25
72015180 56.006649 92.856810 43 41
72015181 56.009125 92.857128 24 16
72656789 56.017530 92.856522 14 25
72656790 56.017128 92.857833 63 61
72656793 56.017304 92.859156 40 25
72656801 56.015834 92.856489 26 13
72656807 56.016886 92.858345 30 31
72656811 56.017482 92.857842 17 19
72656813 56.017215 92.856146 15 69
72656815 56.017365 92.855261 20 20
72656816 56.017487 92.856836 21 15
72656817 56.017528 92.858783 17 20
72656820 56.017518 92.855555 20 18
72656822 56.017170 92.858715 43 10
72656823 56.017599 92.860685 7 18
72656830 56.017409 92.858706 10 10
86096247 56.014459 92.869021 19 34
87106539 56.014866 92.870504 13 19
99852660 56.009950 92.867672 38 39
99852676 56.014501 92.858810 23 53
100970676 56.013657 92.868548 35 20
102193311 56.016700 92.873964 26 26
102194304 56.009483 92.883915 59 43
102194470 56.009114 92.879623 39 28
104349909 56.000596 92.879483 35 94
104349910 56.000049 92.877640 44 21
104349914 55.999937 92.877930 9 18
104349915 56.000111 92.877613 50 41
126496784 56.011075 92.864131 18 19
140795207 56.009371 92.869914 44 137
140795208 56.009903 92.866725 28 22
140795209 56.009742 92.863208 18 73
140795210 56.009333 92.873321 152 93
140795216 56.010194 92.873499 34 66
140795217 56.007996 92.866932 23 33
140795220 56.007219 92.867135 26 27
140795221 56.009353 92.866785 72 20
169404764 56.011604 92.867303 42 33
169404767 56.012223 92.878656 45 117
169404772 56.011939 92.858257 40 16
169404778 56.011545 92.869066 46 42
169404780 56.012060 92.881704 49 34
169404781 56.011538 92.867870 64 31
170839103 56.010779 92.860440 18 23
170841596 56.008148 92.870456 16 10
170841597 56.007770 92.861148 35 25
170841599 56.008955 92.883031 40 37
170841600 56.008158 92.880294 72 87
170841601 56.007968 92.879343 59 35
170841602 56.008571 92.882771 25 37
170841603 56.008709 92.883314 28 41
170841606 56.008880 92.882126 80 40
170843839 56.009400 92.878194 20 74
170843841 56.009945 92.878929 48 18
170843843 56.010376 92.878856 48 15
170845791 56.007589 92.859047 35 18
170845794 56.007470 92.858286 19 83
170845796 56.007134 92.858772 12 56
170848602 56.016070 92.880337 32 17
170848603 56.015341 92.877693 14 21
170848604 56.014375 92.879078 23 74
170848605 56.015249 92.879765 29 46
170848608 56.014723 92.879693 22 52
170850957 56.014200 92.862859 55 44
170850958 56.014288 92.862069 17 45
170850959 56.014737 92.862420 13 10
170881826 56.015701 92.860058 23 28
170881828 56.013853 92.869707 13 13
170881829 56.014099 92.870022 20 14
170881830 56.014392 92.852587 62 19
170881839 56.014418 92.852955 11 36
170881841 56.016239 92.867081 52 100
170881842 56.015073 92.865943 33 16
170881843 56.013792 92.870048 44 18
170881844 56.015104 92.856730 10 8
170881849 56.015898 92.857352 42 38
170881852 56.014659 92.852923 11 36
170881853 56.014975 92.856119 43 48
170881855 56.015205 92.862706 60 28
170881860 56.012872 92.854136 42 78
170881862 56.014362 92.853205 69 44
171002291 56.012134 92.859668 55 35
171002292 56.012503 92.871555 27 15
171002293 56.012429 92.864209 18 56
171002294 56.016289 92.874149 29 154
171002295 56.013880 92.871564 47 55
171002296 56.014460 92.871256 67 22
171002299 56.013949 92.870668 15 18
171002303 56.013184 92.871515 14 25
171002304 56.014653 92.870592 16 13
171002305 56.012182 92.863930 24 18
171002306 56.011680 92.875977 11 30
171179197 56.013428 92.855538 22 38
171179214 56.013036 92.855490 62 55
172600582 56.009043 92.876547 72 20
172600583 56.007409 92.872780 53 38
172600584 56.007478 92.874623 25 110
172600585 56.010629 92.880069 21 114
172600586 56.011002 92.876930 16 19
172600587 56.007582 92.876409 35 76
172600588 56.008397 92.876106 51 67
172600589 56.011402 92.877829 27 38
172602508 56.008655 92.868384 69 87
172658923 56.007144 92.861984 15 240
172658924 56.008270 92.860860 55 16
172658925 56.007148 92.864835 12 55
172658926 56.007986 92.862042 132 24
172658927 56.007662 92.864694 72 20
172658928 56.005797 92.868266 14 81
172746540 56.007889 92.878137 55 17
172746541 56.010117 92.883031 18 44
172746542 56.010739 92.882588 20 116
172746543 56.008502 92.877664 18 54
172746544 56.009629 92.882777 18 77
172746545 56.007915 92.877445 67 19
172746546 56.008291 92.878554 19 55
172746547 56.008642 92.879415 22 69
172746548 56.010194 92.881831 77 18
172746549 56.009092 92.878559 18 57
172746550 56.009438 92.881923 48 16
172746551 56.009164 92.880249 97 22
172746555 56.009091 92.877287 86 33
178497861 56.013232 92.862040 17 16
179776437 56.010590 92.875856 18 26
179776439 56.010862 92.873313 25 130
183387324 56.014029 92.874546 35 50
203448470 56.015796 92.858911 58 55
205754300 56.017410 92.864090 10 38
205754367 56.017447 92.862245 16 9
205754376 56.017425 92.861933 15 10
205754405 56.017482 92.862648 12 12
206873717 56.015475 92.863304 15 13
209700293 56.015814 92.852890 40 17
209700457 56.015546 92.855906 25 24
209700459 56.015452 92.854946 12 11
209700460 56.015431 92.854507 9 14
209700461 56.015640 92.854605 13 12
209700462 56.015437 92.854142 10 14
209700465 56.015516 92.856393 13 20
213866036 56.011737 92.878911 13 12
216654314 56.016963 92.868401 14 20
216654315 56.016021 92.854711 9 13
216654316 56.016537 92.869315 11 22
216654317 56.016386 92.871204 22 17
216654318 56.016787 92.871838 8 10
216654319 56.016356 92.855446 16 11
216654320 56.015430 92.853740 13 6
216654321 56.016717 92.853721 15 11
216654323 56.016364 92.855079 8 12
216654324 56.017548 92.871906 16 17
216654326 56.017086 92.867824 16 16
216654327 56.015776 92.853741 17 13
216654329 56.017149 92.869568 12 11
216654330 56.016371 92.855730 12 11
216654332 56.016896 92.868010 13 18
216654333 56.016351 92.854371 12 18
216654334 56.017125 92.869279 13 11
216654335 56.016760 92.867181 14 17
216654336 56.016284 92.869788 18 9
216654337 56.016755 92.868657 11 12
216654338 56.016381 92.871835 13 15
216654339 56.016174 92.853643 12 10
216654340 56.016244 92.869397 18 12
216654341 56.016652 92.871726 7 17
216654342 56.016847 92.869480 12 13
216654343 56.017240 92.868527 16 15
216654344 56.016377 92.854741 10 15
216654345 56.016822 92.869138 13 13
216654347 56.017491 92.871617 19 20
216654348 56.017155 92.868185 19 19
216654349 56.016932 92.871776 14 15
216654350 56.015710 92.854036 12 11
216654351 56.017017 92.868746 13 15
216654352 56.016684 92.854119 10 12
216654353 56.016834 92.867605 15 22
216654354 56.016692 92.855157 11 14
216654355 56.016681 92.854779 10 12
216654356 56.015909 92.853666 10 9
216654357 56.017103 92.871715 15 15
216654358 56.016344 92.853631 16 15
216654359 56.017416 92.871204 13 9
226331984 56.017345 92.860982 6 9
226331987 56.017551 92.863693 9 9
226331992 56.017583 92.864215 10 33
226672556 56.017341 92.870743 12 8
226672557 56.016658 92.868202 11 12
226672558 56.016722 92.865523 7 12
226672560 56.016984 92.870953 37 19
226672562 56.017002 92.871257 41 16
226672564 56.016827 92.870830 46 39
227605395 56.017280 92.868791 13 12
238208517 56.002255 92.859106 11 19
238208519 56.002481 92.857254 23 33
238208520 56.001935 92.857961 11 15
238208522 56.002453 92.858254 24 19
238208523 56.003383 92.864071 18 17
239269526 56.012691 92.859164 17 19
242815673 56.011138 92.857737 15 31
243875800 56.013644 92.880301 10 13
243875801 56.017562 92.877875 18 26
243885849 56.011094 92.875102 6 7
243885850 56.015522 92.870225 56 23
260052733 56.011323 92.866596 22 17
274482864 56.011999 92.878397 15 11
274482871 56.011818 92.875336 37 14
274482872 56.011695 92.878068 13 33
274482877 56.011476 92.879754 13 20
291214189 56.014943 92.854018 31 59
291214190 56.015013 92.855178 11 71
291214191 56.015093 92.854920 13 98
291214192 56.015087 92.853911 16 33
305658542 56.015555 92.863872 9 11
305658543 56.015608 92.864655 12 14
305658544 56.015641 92.865087 10 12
305658545 56.015526 92.863560 10 9
305658546 56.015587 92.864286 10 11
312736754 56.007794 92.868249 97 43
317916843 56.017092 92.883917 89 68
317916846 56.016895 92.882805 23 28
317916847 56.017414 92.882063 87 88
317916848 56.015400 92.881063 4 4
317916849 56.016096 92.881671 18 33
317916850 56.016261 92.881117 8 10
317916852 56.014927 92.882557 23 38
317916855 56.014723 92.881494 11 7
317916856 56.016826 92.881911 7 11
317916857 56.014851 92.881417 7 4
317916859 56.015662 92.881894 16 25
318189412 56.015384 92.879271 13 21
318189413 56.014840 92.876968 113 47
318189414 56.014503 92.876211 38 17
318189415 56.014718 92.876143 12 10
318189416 56.014864 92.878057 88 47
318189417 56.014350 92.877671 31 35
318189418 56.014156 92.877610 15 28
318189419 56.014407 92.876687 13 8
318189420 56.014256 92.879202 12 13
318189421 56.015360 92.878569 20 28
318189422 56.014228 92.878721 13 13
318189423 56.014306 92.879642 13 12
318189424 56.015360 92.879045 25 9
318194142 56.015893 92.879218 19 93
318194143 56.017172 92.876993 26 78
318194144 56.016736 92.876093 17 7
318194145 56.017034 92.876953 6 45
318194146 56.015714 92.878983 14 36
318194147 56.015670 92.879765 11 43
318194148 56.015675 92.878458 5 6
318194149 56.017434 92.876527 27 12
318194151 56.016520 92.877395 7 6
318194152 56.017584 92.875731 64 11
318194153 56.017482 92.876215 33 16
318194154 56.016546 92.876429 8 16
318194155 56.017545 92.875985 56 20
318194156 56.016905 92.876548 18 31
318194157 56.015805 92.878207 30 13
318372575 56.016546 92.878279 68 97
318372576 56.016587 92.880415 31 12
318372577 56.016365 92.879769 17 92
318372578 56.016035 92.878475 13 14
318372579 56.017490 92.879578 125 147
318372605 56.016224 92.878110 11 9
318372606 56.016142 92.878309 18 14
318372607 56.016837 92.878129 10 32
318372608 56.016338 92.878252 40 90
318372609 56.016086 92.878827 17 28
318376668 56.008400 92.882484 17 17
318376669 56.009026 92.883409 8 4
318376672 56.010318 92.882403 11 9
318376674 56.009247 92.883682 41 17
318376675 56.009245 92.883423 50 17
318376676 56.008834 92.882607 8 9
318376677 56.008494 92.882412 15 16
318950996 56.013404 92.882100 20 32
318950997 56.013858 92.882126 6 6
318950998 56.012859 92.882433 9 15
318951000 56.013226 92.882116 7 12
318951001 56.013728 92.883695 8 13
318951003 56.013362 92.883922 27 36
318951004 56.012862 92.881554 15 10
318951005 56.013218 92.883289 18 32
318951006 56.013533 92.883356 22 58
318956691 56.012475 92.883410 40 32
318956692 56.012176 92.883517 18 14
318956693 56.012234 92.883207 32 10
318956695 56.011481 92.882730 6 9
318956696 56.011572 92.881542 6 7
318956697 56.011743 92.883356 13 7
318956698 56.011548 92.883083 7 22
318956699 56.011912 92.883586 42 11
318956700 56.011821 92.883251 5 4
318956701 56.012404 92.882361 36 16
318956702 56.011939 92.882882 12 36
319100889 56.008179 92.881165 22 16
319100890 56.008447 92.881154 40 16
319100893 56.009432 92.880997 38 15
319100894 56.008942 92.881010 72 18
319100895 56.007857 92.878721 13 11
319100896 56.008125 92.878921 9 11
319100897 56.009241 92.879175 10 24
319100898 56.008582 92.880521 8 12
319100899 56.008454 92.879208 7 19
319100900 56.008512 92.880731 12 8
319220669 56.010188 92.877202 113 62
319220670 56.010064 92.878065 95 70
319220673 56.010686 92.878826 19 19
319220675 56.009754 92.878667 8 10
319220676 56.010124 92.879881 11 8
319220678 56.010183 92.877673 8 36
319220680 56.010264 92.879016 53 10
319220681 56.009839 92.879678 17 30
319391286 56.013000 92.876679 5 6
319391287 56.012880 92.877129 37 8
319391288 56.013532 92.877543 13 19
319391289 56.012904 92.879142 27 13
319391290 56.012705 92.879190 19 19
319391291 56.012690 92.878635 15 52
319391292 56.013593 92.879743 10 21
319391293 56.013128 92.877034 21 18
319391294 56.012978 92.876434 4 5
319391295 56.012810 92.877316 8 12
319391296 56.012861 92.877499 10 7
319391297 56.013479 92.876784 8 7
319391298 56.013308 92.878928 6 57
319391299 56.013291 92.877191 14 20
319411846 56.011932 92.879853 19 26
319411849 56.011841 92.880304 13 30
319411852 56.012207 92.877345 22 52
319411855 56.011382 92.880360 19 20
319411858 56.011589 92.879562 51 44
319411862 56.011537 92.880105 55 14
319411863 56.011629 92.878535 11 30
319411864 56.011290 92.878625 32 14
319411865 56.011345 92.877778 36 52
319411866 56.011441 92.880706 12 6
319411868 56.011893 92.879271 9 19
319411869 56.011796 92.879400 37 42
319411870 56.011661 92.879037 9 34
320358302 56.016008 92.872721 9 10
320358303 56.015894 92.874806 7 12
320358304 56.015457 92.873279 25 19
320362643 56.015075 92.873227 10 6
320362644 56.014013 92.875221 17 37
320362645 56.014899 92.871582 31 55
320362646 56.014483 92.873364 8 10
320362648 56.014529 92.871667 8 10
320362649 56.014465 92.874484 12 10
320362650 56.014442 92.875264 13 8
320362651 56.014271 92.874171 19 15
320362652 56.014255 92.873188 25 57
320909537 56.012510 92.874994 30 14
320909538 56.012437 92.874806 17 14
320909539 56.012364 92.873191 22 18
320909540 56.012378 92.872979 25 12
320909541 56.012354 92.872633 29 30
320909542 56.012340 92.872320 23 16
320909556 56.013057 92.874975 21 80
320909557 56.013565 92.873282 5 6
320909559 56.013067 92.874176 13 9
320909560 56.013021 92.873263 16 10
320909561 56.013397 92.873311 7 4
320909562 56.013215 92.873395 24 16
320909563 56.013039 92.872559 8 9
320912605 56.011539 92.876149 22 13
320912606 56.012091 92.875437 15 29
320912607 56.011594 92.875528 32 31
320912608 56.011566 92.874653 28 30
320912609 56.011632 92.874278 14 13
320912610 56.011360 92.872914 49 65
320912611 56.010968 92.875712 33 44
320912612 56.011204 92.875873 16 20
320912633 56.011477 92.872209 39 12
320912634 56.011375 92.875035 47 85
320912636 56.011205 92.872964 8 8
320912637 56.011096 92.873477 8 6
320912638 56.011309 92.872988 9 11
320912639 56.011644 92.873352 6 9
320912640 56.011509 92.873479 15 26
320912641 56.011100 92.874890 6 7
320912642 56.011334 92.873504 15 25
320912643 56.011702 92.873205 8 4
320912644 56.011265 92.872293 9 16
321109586 56.016720 92.874379 25 26
321109587 56.016437 92.872054 13 11
321109588 56.016504 92.870776 11 6
321109589 56.017434 92.873609 10 12
321109590 56.017045 92.875156 12 13
321109591 56.017255 92.874824 25 25
321109608 56.016622 92.874232 19 49
321109610 56.017417 92.872711 29 65
321109613 56.016934 92.873659 13 14
321109616 56.016927 92.874755 12 11
321109617 56.017612 92.872742 22 41
321109620 56.016539 92.872031 10 8
321109621 56.016505 92.871594 9 10
321109622 56.016920 92.872061 71 19
321109624 56.016734 92.872791 17 45
321236196 56.008371 92.874055 19 38
321236197 56.010568 92.876255 29 24
321236198 56.006732 92.873221 24 57
321236261 56.009179 92.874807 32 44
321236262 56.008336 92.874556 32 81
321236264 56.010103 92.875907 31 28
321236265 56.009616 92.874684 12 8
321236266 56.009118 92.876011 47 12
321236268 56.009062 92.874188 7 5
321236269 56.007864 92.875638 12 12
321236273 56.008795 92.876178 7 8
321236274 56.008366 92.875359 31 9
321236275 56.009144 92.873727 30 16
321236276 56.008730 92.875586 17 21
321236277 56.007790 92.875903 14 31
321236278 56.009052 92.876676 42 7
321236279 56.010105 92.873258 20 26
333737362 56.009756 92.868424 87 48
350000392 55.999828 92.875039 16 17
351222192 56.010844 92.866674 11 15
364718572 56.013023 92.853067 49 12
364718583 56.005619 92.853281 56 116
364718592 56.008799 92.855278 13 32
364725241 56.011713 92.857761 48 73
364725242 56.011543 92.857348 14 12
371314184 56.016703 92.855393 12 7
371314186 56.015593 92.853729 9 9
376071755 56.016034 92.852381 14 46
376072577 56.016055 92.852877 15 17
396821008 56.009581 92.869518 20 58
421317739 56.007155 92.854529 4 6
434706605 56.017067 92.859822 22 30
434706606 56.017066 92.860145 14 10
434706674 56.017136 92.858901 43 21
434707474 56.016911 92.857267 33 36
434707475 56.017378 92.857280 50 36
455092959 56.015863 92.856091 13 23
656377837 56.009421 92.867817 31 23
689536268 56.012034 92.854974 8 29
689537605 55.999787 92.878183 17 30
689537890 56.002550 92.860667 23 33
689539335 56.015384 92.867924 25 46
689539345 56.013204 92.854851 37 10
689539346 56.013175 92.854590 38 12
689539359 56.010271 92.861292 24 32
689539364 56.010572 92.866288 29 8
689539365 56.011279 92.864799 9 25
689539382 56.009047 92.857996 44 8
689541734 56.014608 92.861555 28 10
689541735 56.014528 92.861018 24 30
689541736 56.014386 92.861257 15 40
689541737 56.014807 92.861988 16 54
689541738 56.014996 92.861770 17 73
689541741 56.016726 92.877498 42 17
701226723 56.010410 92.866302 8 7
739482232 56.014859 92.855210 28 32
746898276 56.012570 92.863842 11 12
746928848 56.012285 92.860758 16 39
747198926 56.015949 92.855775 33 17
748610824 56.008394 92.864972 25 26
771188114 56.010538 92.862583 23 12
813252776 56.006472 92.855737 46 13
813404526 56.013750 92.862622 32 11
813404527 56.017613 92.874799 34 25
905283934 56.015533 92.853739 6 9
922456727 56.015357 92.878148 14 13
949746247 56.017493 92.877460 40 7
949760562 56.012658 92.879416 7 10
949950090 56.014004 92.852778 18 11
949950091 56.014792 92.861688 50 71
949950092 56.008952 92.859744 13 8
949950093 56.009087 92.859794 6 17
951207879 56.007763 92.860681 41 21
951207884 56.013324 92.857318 17 12
951263825 56.011006 92.857207 12 17
951438806 56.012422 92.858259 54 14
951438809 56.014587 92.873316 15 8
951438810 56.015750 92.879750 11 44
966640661 56.016153 92.862430 19 27
985172590 56.014101 92.882948 19 40
1074766502 56.007988 92.868802 28 46
1157875993 56.010856 92.868927 44 20
1160368618 56.011281 92.883410 8 11
1165378346 56.015234 92.876356 20 19
1165389178 56.016353 92.853971 11 9
1165389180 56.016865 92.855770 14 18
1165389181 56.016727 92.854493 18 12
1165389188 56.016321 92.868255 30 22
1167943963 56.006628 92.852410 17 34
1168132559 56.014525 92.869652 19 12
1168132562 56.011098 92.865029 32 34
1169104715 56.006137 92.855892 8 10
1169104716 56.006467 92.857259 12 14
1169104718 56.006278 92.856913 7 11
1169104720 56.011842 92.854906 11 19
1172716746 56.007496 92.866474 25 27
1172716747 56.011696 92.874880 12 8
1172716749 56.009539 92.875568 10 12
1172716750 56.009013 92.873910 7 6
1175250557 56.010981 92.866287 9 15
1184853632 56.015124 92.863929 25 18
1184853633 56.014379 92.860156 17 17
1227784422 56.014228 92.854152 97 45
1253545897 56.015445 92.854323 12 9
1272676584 56.010974 92.870500 33 78
1275041450 56.010385 92.860969 38 11
1286909717 56.013506 92.855038 6 9
1286909718 56.009833 92.863172 15 70
1286967057 55.999698 92.882911 14 32
1287456131 56.011567 92.858514 2 2
1291233936 56.000521 92.878470 22 12
1301327774 56.013468 92.861626 15 9
1301327775 56.013691 92.861567 11 6
1301327777 56.013723 92.862054 2 3
1301327778 56.013620 92.862086 5 5
1307541951 56.008522 92.870489 8 12
1308385152 56.016837 92.852364 5 5
1308385153 56.017102 92.854161 5 5
1308385154 56.016898 92.861305 5 5
1313667291 56.007030 92.871710 3 4
1314915594 56.010484 92.859993 11 8
1327168842 56.015463 92.852542 21 13
1328843798 56.007510 92.865815 12 52
1328843799 56.007778 92.865226 51 10
1329137539 56.014066 92.853283 29 32
1329137553 56.013807 92.858018 4 8
1329137556 56.012529 92.855966 2 3
1333283971 56.013517 92.857310 6 11
1342927142 56.016664 92.861748 2 2
1342927143 56.016665 92.861778 2 1
1342931602 56.016668 92.857246 3 4
1342931603 56.016669 92.857298 3 2
1342931604 56.013280 92.864426 3 5
1342931605 56.013282 92.864487 3 3
1342931606 56.012887 92.857366 3 5
1342931607 56.012889 92.857422 3 2
1342931610 56.009021 92.871350 3 2
1342931611 56.009042 92.871348 2 2
1346194238 56.012612 92.864806 22 24
1348201282 56.016243 92.880987 3 3
1354009009 56.007291 92.858980 6 10
1354470468 56.014624 92.866012 20 21
1355234500 56.009244 92.866953 46 9
1355391553 56.009588 92.865664 8 8
1374324121 56.009673 92.866928 4 3
1374324122 56.009713 92.866911 5 4
1374358534 56.006167 92.868156 4 3
1376726444 56.013895 92.862775 10 15
1376726445 56.013638 92.862519 10 8
1394086340 56.000192 92.878701 43 23
1394086341 56.009335 92.883020 38 33
1394086343 55.999730 92.882228 64 28
1394512475 56.006988 92.855401 13 20
1394512476 56.007014 92.855929 8 9
1394512477 56.007058 92.856297 10 17
1394512478 56.006669 92.855319 28 11
1394512479 56.006331 92.855384 17 10
1394512480 56.006143 92.855466 8 16
1395664918 56.017141 92.875712 4 5
