66 
346049836 92,8673932 56,0081963 4 11625201309 92,8677269 56,0082108 20,80745716099316 1154342420 92,8671682 56,0081788 14,122131744838383 8792002041 92,8673575 56,0085733 41,97925243129567 12368183062 92,86747126447216 56,00774186613893 50,83135762770848 
393823921 92,8687506 56,009079 2 8009050725 92,8690204 56,0090666 16,828671269132517 2099340408 92,8684649 56,0090885 17,791894850584598 
748057472 92,8692318 56,0079809 1 12294276329 92,8692034 56,0081489 18,764019118243798 
748057506 92,8697554 56,0083051 4 11625201309 92,8677269 56,0082108 126,5393638161727 12291463447 92,8698845 56,008311 8,052417469255014 12241948307 92,8697502 56,0083643 6,5906815442337665 12368183059 92,8697663 56,008207 10,929263823954592 
1154342420 92,8671682 56,0081788 4 9110223521 92,8671132 56,0081745 3,4524189547599353 346049836 92,8673932 56,0081963 14,122131744838383 11954973108 92,8671663 56,008227 5,360904408362742 12368183064 92,86726971095001 56,00774186613893 49,05945547972318 
1154342470 92,8670973 56,008969 4 11954973097 92,8671087 56,0088795 9,977160857626739 11954973094 92,8670878 56,0090161 5,270480108068982 1835413028 92,8673189 56,0089819 13,850256010184772 12368183065 92,86669689256954 56,00894571116029 25,110990898919116 
1834920723 92,8673125 56,0090493 3 4486777392 92,8675066 56,0090775 12,466998978284865 12368183056 92,8672762 56,00928 25,751766381346645 1835413028 92,8673189 56,0089819 7,505101513558188 
1835413028 92,8673189 56,0089819 3 8792002041 92,8673575 56,0085733 45,49763330799134 1834920723 92,8673125 56,0090493 7,505101513558188 1154342470 92,8670973 56,008969 13,850256010184772 
2099340408 92,8684649 56,0090885 2 393823921 92,8687506 56,009079 17,791894850584598 2099340425 92,868244 56,0091352 14,68124524028663 
2099340425 92,868244 56,0091352 3 2099340408 92,8684649 56,0090885 14,68124524028663 4486777390 92,8676968 56,0090924 34,34790410548059 4487934248 92,8688092 56,0091682 35,32662394034305 
4330276490 92,8686482 56,0092861 2 4330276491 92,868767 56,009326 8,615366740613034 12241948333 92,8680204 56,0095322 47,66486466181787 
4330276491 92,868767 56,009326 3 4330276492 92,8688946 56,0092057 15,551776960899435 4330276490 92,8686482 56,0092861 8,615366740613034 12368183066 92,86883050207084 56,009538133729386 23,949240317627613 
4330276492 92,8688946 56,0092057 2 4330276493 92,8689658 56,0091601 6,730567690130674 4330276491 92,868767 56,009326 15,551776960899435 
4330276493 92,8689658 56,0091601 2 8009050725 92,8690204 56,0090666 10,936763882829634 4330276492 92,8688946 56,0092057 6,730567690130674 
4330276494 92,8690433 56,0089319 2 8009050725 92,8690204 56,0090666 15,04547757544429 12241948306 92,8691759 56,0089186 8,374711255324907 
4486777390 92,8676968 56,0090924 2 2099340425 92,868244 56,0091352 34,34790410548059 12241948325 92,8676243 56,0090874 4,541116444457085 
4486777392 92,8675066 56,0090775 2 12241948325 92,8676243 56,0090874 7,3991552751796155 1834920723 92,8673125 56,0090493 12,466998978284865 
4487934248 92,8688092 56,0091682 1 2099340425 92,868244 56,0091352 35,32662394034305 
4487934249 92,8677555 56,008991 2 4487934250 92,8681927 56,009009 27,25214606649921 4487934251 92,8676821 56,0090608 9,003317949473942 
4487934250 92,8681927 56,009009 1 4487934249 92,8677555 56,008991 27,25214606649921 
4487934251 92,8676821 56,0090608 2 4487934249 92,8677555 56,008991 9,003317949473942 12241948325 92,8676243 56,0090874 4,653934854322823 
4841340702 92,8697711 56,0081789 2 12368183060 92,8695564 56,0081676 13,406129069027706 12368183059 92,8697663 56,008207 3,138798069132253 
4841340703 92,86975 56,0083907 2 11879547871 92,8698702 56,0086148 26,015058021379627 12241948307 92,8697502 56,0083643 2,9355765405166623 
7863350167 92,8675729 56,0093194 1 12368183056 92,8672762 56,00928 18,9574026193341 
8009050725 92,8690204 56,0090666 4 393823921 92,8687506 56,009079 16,828671269132517 4330276494 92,8690433 56,0089319 15,04547757544429 4330276493 92,8689658 56,0091601 10,936763882829634 12368183063 92,86990310743047 56,00912604872653 55,458053753344515 
8792002039 92,8671312 56,0085637 3 11954973108 92,8671663 56,008227 37,50291675425294 11954973097 92,8671087 56,0088795 35,143253488954535 8792002041 92,8673575 56,0085733 14,108542515110695 
8792002040 92,8675035 56,0085787 1 8792002041 92,8673575 56,0085733 9,096033021480253 
8792002041 92,8673575 56,0085733 4 346049836 92,8673932 56,0081963 41,97925243129567 1835413028 92,8673189 56,0089819 45,49763330799134 8792002040 92,8675035 56,0085787 9,096033021480253 8792002039 92,8671312 56,0085637 14,108542515110695 
9110223521 92,8671132 56,0081745 2 1154342420 92,8671682 56,0081788 3,4524189547599353 12368183070 92,86669689256954 56,0081505715302 26,105407928405462 
11625201309 92,8677269 56,0082108 2 346049836 92,8673932 56,0081963 20,80745716099316 748057506 92,8697554 56,0083051 126,5393638161727 
11879547870 92,8698413 56,0088471 3 11879547871 92,8698702 56,0086148 25,89302085641401 12241948306 92,8691759 56,0089186 42,121853349699954 12368183074 92,86990310743047 56,00884950083572 3,864711615451914 
11879547871 92,8698702 56,0086148 3 11879547870 92,8698413 56,0088471 25,89302085641401 4841340703 92,86975 56,0083907 26,015058021379627 12368183075 92,86990310743047 56,00861607524919 2,057633887707983 
11954973094 92,8670878 56,0090161 3 1154342470 92,8670973 56,008969 5,270480108068982 12368183069 92,866997404146 56,009538133729386 58,3971453960654 12368183077 92,86669689256954 56,008993137715095 24,517793219669137 
11954973097 92,8671087 56,0088795 3 8792002039 92,8671312 56,0085637 35,143253488954535 1154342470 92,8670973 56,008969 9,977160857626739 12368183076 92,86669689256954 56,008856229705614 25,81825865639287 
11954973108 92,8671663 56,008227 3 1154342420 92,8671682 56,0081788 5,360904408362742 8792002039 92,8671312 56,0085637 37,50291675425294 12368183078 92,86669689256954 56,00820693965001 29,366479577896463 
12241948306 92,8691759 56,0089186 2 4330276494 92,8690433 56,0089319 8,374711255324907 11879547870 92,8698413 56,0088471 42,121853349699954 
12241948307 92,8697502 56,0083643 2 748057506 92,8697554 56,0083051 6,5906815442337665 4841340703 92,86975 56,0083907 2,9355765405166623 
12241948325 92,8676243 56,0090874 3 4486777390 92,8676968 56,0090924 4,541116444457085 4486777392 92,8675066 56,0090775 7,3991552751796155 4487934251 92,8676821 56,0090608 4,653934854322823 
12241948333 92,8680204 56,0095322 3 4330276490 92,8686482 56,0092861 47,66486466181787 12368183067 92,86800525907047 56,009538133729386 1,15259650878133 12368183068 92,86801914275438 56,009538133729386 0,6653115806884856 
12291463447 92,8698845 56,008311 2 748057506 92,8697554 56,0083051 8,052417469255014 12368183073 92,86990310743047 56,008311757732756 1,1637820953658773 
12294276329 92,8692034 56,0081489 2 748057472 92,8692318 56,0079809 18,764019118243798 12368183061 92,8694929 56,0081642 18,077399343778303 
12368183056 92,8672762 56,00928 3 1834920723 92,8673125 56,0090493 25,751766381346645 7863350167 92,8675729 56,0093194 18,9574026193341 12368183071 92,86723553322383 56,009538133729386 28,852853014449224 
12368183059 92,8697663 56,008207 2 748057506 92,8697554 56,0083051 10,929263823954592 4841340702 92,8697711 56,0081789 3,138798069132253 
12368183060 92,8695564 56,0081676 2 4841340702 92,8697711 56,0081789 13,406129069027706 12368183061 92,8694929 56,0081642 3,9656265130098647 
12368183061 92,8694929 56,0081642 2 12294276329 92,8692034 56,0081489 18,077399343778303 12368183060 92,8695564 56,0081676 3,9656265130098647 
12368183062 92,86747126447216 56,00774186613893 2 346049836 92,8673932 56,0081963 50,83135762770848 12368183081 92,86990310743047 56,00774186613893 151,69908929005015 
12368183063 92,86990310743047 56,00912604872653 2 8009050725 92,8690204 56,0090666 55,458053753344515 12368183080 92,86990310743047 56,009538133729386 45,88236759324271 
12368183064 92,86726971095001 56,00774186613893 2 1154342420 92,8671682 56,0081788 49,05945547972318 12368183062 92,86747126447216 56,00774186613893 12,572968846427491 
12368183065 92,86669689256954 56,00894571116029 2 1154342470 92,8670973 56,008969 25,110990898919116 12368183076 92,86669689256954 56,008856229705614 9,963043252191802 
12368183066 92,86883050207084 56,009538133729386 2 4330276491 92,868767 56,009326 23,949240317627613 12368183068 92,86801914275438 56,009538133729386 50,61048801431777 
12368183067 92,86800525907047 56,009538133729386 2 12241948333 92,8680204 56,0095322 1,15259650878133 12368183072 92,86754525892196 56,009538133729386 28,69361518437584 
12368183068 92,86801914275438 56,009538133729386 2 12241948333 92,8680204 56,0095322 0,6653115806884856 12368183067 92,86800525907047 56,009538133729386 0,8660281624333384 
12368183069 92,866997404146 56,009538133729386 2 11954973094 92,8670878 56,0090161 58,3971453960654 12368183079 92,86669689256954 56,009538133729386 18,74513206496066 
12368183070 92,86669689256954 56,0081505715302 2 9110223521 92,8671132 56,0081745 26,105407928405462 12368183082 92,86669689256954 56,00774186613893 45,50606459347736 
12368183071 92,86723553322383 56,009538133729386 2 12368183056 92,8672762 56,00928 28,852853014449224 12368183069 92,866997404146 56,009538133729386 14,853873733762512 
12368183072 92,86754525892196 56,009538133729386 2 7863350167 92,8675729 56,0093194 24,41520722635788 12368183071 92,86723553322383 56,009538133729386 19,31988505594712 
12368183073 92,86990310743047 56,008311757732756 2 12291463447 92,8698845 56,008311 1,1637820953658773 12368183075 92,86990310743047 56,00861607524919 33,88331552819263 
12368183074 92,86990310743047 56,00884950083572 2 11879547870 92,8698413 56,0088471 3,864711615451914 12368183063 92,86990310743047 56,00912604872653 30,791392994564138 
12368183075 92,86990310743047 56,00861607524919 2 11879547871 92,8698702 56,0086148 2,057633887707983 12368183074 92,86990310743047 56,00884950083572 25,990068662332902 
12368183076 92,86669689256954 56,008856229705614 2 11954973097 92,8671087 56,0088795 25,81825865639287 12368183078 92,86669689256954 56,00820693965001 72,2932426738404 
12368183077 92,86669689256954 56,008993137715095 2 11954973094 92,8670878 56,0090161 24,517793219669137 12368183065 92,86669689256954 56,00894571116029 5,280567061766801 
12368183078 92,86669689256954 56,00820693965001 2 11954973108 92,8671663 56,008227 29,366479577896463 12368183070 92,86669689256954 56,0081505715302 6,276137905438805 
12368183079 92,86669689256954 56,009538133729386 1 12368183077 92,86669689256954 56,008993137715095 60,68094451396677 
12368183080 92,86990310743047 56,009538133729386 1 12368183066 92,86883050207084 56,009538133729386 66,90633803877421 
12368183081 92,86990310743047 56,00774186613893 1 12368183073 92,86990310743047 56,008311757732756 63,45285522199315 
12368183082 92,86669689256954 56,00774186613893 1 12368183064 92,86726971095001 56,00774186613893 35,732581478551495 
